//Exported ASCII-File
[Header]
FileName = C:\Users\reoml\Desktop\Mestrado\mapa raman\novas medidas\Medidas Raman - Rafael\Medidas Raman - Rafael\GO em substrato metalico (1.0 sem e 0.1 com EDA) - Rafael.WIP
ImageName = Scan_004_Spec.Data 1_F: Min & Max -> Maximum [1243.6 rel. 1/cm -> 1475.3 rel. 1/cm]
PointsPerLine = 61
LinesPerImage = 61
ScanUnit = µm
ScanWidth = 30
ScanHeight = 30
ScanOriginX = -0.751999974250793
ScanOriginY = 0.504000008106232
ScanOriginZ = 0
DataUnit = CCD cts
[Data]
 5.75336E+03	 5.69208E+03	 6.00129E+03	 5.29721E+03	 5.88776E+03	 5.90583E+03	 5.35912E+03	 5.37414E+03	 6.52551E+03	 7.98959E+03	 7.81242E+03	 7.24570E+03	 8.50942E+03	 6.63435E+03	 5.31072E+03	 6.25599E+03	 8.29681E+03	 9.06948E+03	 8.49156E+03	 8.38323E+03	 8.74209E+03	 8.62276E+03	 9.00493E+03	 7.60404E+03	 7.07976E+03	 6.21279E+03	 5.68086E+03	 6.11068E+03	 5.99953E+03	 6.28745E+03	 4.25988E+03	 4.84162E+03	 4.91776E+03	 5.72894E+03	 6.27750E+03	 5.41766E+03	 4.63472E+03	 5.53178E+03	 5.74776E+03	 5.16788E+03	 5.12533E+03	 6.26571E+03	 6.58106E+03	 6.82804E+03	 6.73103E+03	 6.11872E+03	 5.71145E+03	 6.39265E+03	 7.15786E+03	 7.74682E+03	 7.46469E+03	 6.71334E+03	 5.95799E+03	 5.22421E+03	 5.52483E+03	 5.18947E+03	 5.33225E+03	 5.10446E+03	 5.21320E+03	 6.61508E+03	 8.51783E+03
 7.67329E+03	 7.51161E+03	 7.00674E+03	 6.58837E+03	 6.18336E+03	 6.83883E+03	 7.61783E+03	 5.56471E+03	 3.73023E+03	 6.05046E+03	 8.21925E+03	 8.57968E+03	 1.07514E+04	 9.19085E+03	 6.72597E+03	 7.43644E+03	 1.08203E+04	 1.10258E+04	 1.08789E+04	 9.44776E+03	 9.61304E+03	 9.77330E+03	 9.36181E+03	 8.52619E+03	 7.63613E+03	 6.91406E+03	 6.64693E+03	 6.62080E+03	 6.48978E+03	 6.05897E+03	 5.67243E+03	 4.82740E+03	 5.42981E+03	 6.06630E+03	 7.00422E+03	 5.46269E+03	 5.29307E+03	 5.86163E+03	 6.68221E+03	 5.98852E+03	 6.46544E+03	 6.16417E+03	 5.89781E+03	 5.61680E+03	 5.98477E+03	 5.24166E+03	 5.03846E+03	 5.44143E+03	 6.22794E+03	 7.47290E+03	 7.75131E+03	 5.94974E+03	 6.50616E+03	 7.00861E+03	 6.82420E+03	 6.46641E+03	 5.98176E+03	 5.64949E+03	 5.07919E+03	 5.74995E+03	 8.28795E+03
 5.65991E+03	 5.32797E+03	 5.61394E+03	 6.22100E+03	 6.99238E+03	 7.45227E+03	 7.77177E+03	 7.74086E+03	 6.04872E+03	 5.84069E+03	 5.94836E+03	 6.51788E+03	 6.95302E+03	 8.12451E+03	 7.95591E+03	 7.32377E+03	 7.47451E+03	 8.63427E+03	 9.90514E+03	 8.88207E+03	 7.38031E+03	 6.71483E+03	 6.06561E+03	 5.67142E+03	 5.47897E+03	 5.44037E+03	 6.55241E+03	 7.76597E+03	 7.93800E+03	 7.75351E+03	 6.93538E+03	 7.04235E+03	 6.36810E+03	 7.72180E+03	 8.39122E+03	 7.95847E+03	 8.11070E+03	 7.84984E+03	 7.59323E+03	 8.00541E+03	 8.02913E+03	 6.68884E+03	 5.39131E+03	 5.02762E+03	 4.38730E+03	 5.79673E+03	 6.61703E+03	 5.72040E+03	 5.99348E+03	 7.40909E+03	 8.07189E+03	 6.12701E+03	 5.44464E+03	 5.94047E+03	 6.72516E+03	 5.40419E+03	 5.79280E+03	 4.82142E+03	 4.12056E+03	 4.86977E+03	 6.66640E+03
 5.83016E+03	 6.16896E+03	 6.31572E+03	 6.69961E+03	 7.99146E+03	 8.54742E+03	 8.53095E+03	 8.01789E+03	 6.44498E+03	 6.47933E+03	 6.30630E+03	 6.69251E+03	 7.28158E+03	 7.23663E+03	 6.40996E+03	 4.96113E+03	 4.00063E+03	 5.16935E+03	 5.89274E+03	 6.53304E+03	 6.15555E+03	 5.81032E+03	 4.81967E+03	 4.71414E+03	 4.93740E+03	 5.28568E+03	 5.45257E+03	 6.06330E+03	 6.24194E+03	 7.44120E+03	 7.58206E+03	 7.42819E+03	 7.55720E+03	 7.80300E+03	 7.68690E+03	 8.53520E+03	 9.47762E+03	 1.02239E+04	 9.69152E+03	 8.76699E+03	 9.19611E+03	 8.45399E+03	 7.20371E+03	 5.71866E+03	 4.87238E+03	 6.25079E+03	 6.66439E+03	 6.23021E+03	 5.82211E+03	 8.40059E+03	 8.30469E+03	 8.37394E+03	 7.62657E+03	 6.79193E+03	 6.91428E+03	 6.33962E+03	 5.79956E+03	 5.45086E+03	 5.16239E+03	 5.27337E+03	 7.10932E+03
 6.13948E+03	 5.91640E+03	 7.12463E+03	 7.60700E+03	 8.59168E+03	 9.16652E+03	 9.03623E+03	 8.14708E+03	 6.88353E+03	 6.26642E+03	 6.41046E+03	 6.52145E+03	 6.69000E+03	 6.71453E+03	 6.34731E+03	 5.68415E+03	 5.22530E+03	 4.86908E+03	 5.26233E+03	 6.26819E+03	 5.96099E+03	 6.38206E+03	 7.57934E+03	 7.12389E+03	 6.79749E+03	 7.67033E+03	 6.48185E+03	 6.74565E+03	 7.43572E+03	 8.82923E+03	 9.37778E+03	 9.15996E+03	 8.40769E+03	 7.44199E+03	 8.36855E+03	 9.38719E+03	 8.86523E+03	 8.38738E+03	 8.81203E+03	 8.20255E+03	 7.92636E+03	 6.71839E+03	 6.46395E+03	 5.98931E+03	 4.79165E+03	 5.01786E+03	 5.85391E+03	 7.07873E+03	 8.22963E+03	 8.53763E+03	 8.62478E+03	 9.23720E+03	 8.02082E+03	 7.80362E+03	 6.95142E+03	 7.30348E+03	 7.06663E+03	 6.37187E+03	 6.13018E+03	 6.74963E+03	 6.91227E+03
 6.52377E+03	 7.10940E+03	 7.69895E+03	 9.12055E+03	 9.93195E+03	 1.02209E+04	 9.91724E+03	 1.00191E+04	 9.38248E+03	 8.59311E+03	 7.63819E+03	 7.16804E+03	 7.46034E+03	 6.77249E+03	 7.23677E+03	 8.01671E+03	 7.76968E+03	 7.75196E+03	 6.47765E+03	 6.19791E+03	 5.96180E+03	 5.82193E+03	 5.93500E+03	 6.98470E+03	 7.45903E+03	 7.34873E+03	 7.62212E+03	 7.80464E+03	 7.66805E+03	 6.62480E+03	 7.77914E+03	 9.73523E+03	 9.72932E+03	 9.05918E+03	 8.45152E+03	 9.16212E+03	 9.02448E+03	 8.39184E+03	 8.26600E+03	 7.96292E+03	 7.64923E+03	 6.72768E+03	 6.01730E+03	 5.56634E+03	 5.97636E+03	 5.94420E+03	 6.06693E+03	 6.79829E+03	 8.50578E+03	 8.71990E+03	 8.34371E+03	 7.88798E+03	 7.11023E+03	 7.15047E+03	 6.96288E+03	 7.12516E+03	 7.66810E+03	 7.42010E+03	 7.01388E+03	 7.06874E+03	 7.67106E+03
 7.18697E+03	 7.73724E+03	 7.72698E+03	 8.13131E+03	 8.55329E+03	 9.02447E+03	 9.49963E+03	 9.32644E+03	 8.90655E+03	 8.95869E+03	 7.93196E+03	 7.08725E+03	 6.73135E+03	 6.55157E+03	 6.61091E+03	 7.55628E+03	 8.00406E+03	 8.70350E+03	 8.70467E+03	 7.65520E+03	 6.98283E+03	 6.81871E+03	 6.51250E+03	 5.96002E+03	 5.49243E+03	 6.41320E+03	 6.83518E+03	 7.15089E+03	 7.89239E+03	 8.37674E+03	 9.26866E+03	 1.05588E+04	 1.01043E+04	 9.91591E+03	 9.22072E+03	 9.39216E+03	 9.73493E+03	 8.71100E+03	 7.92152E+03	 8.57958E+03	 8.22315E+03	 7.35738E+03	 6.46296E+03	 6.15264E+03	 6.08628E+03	 5.91762E+03	 6.13676E+03	 6.62921E+03	 6.81717E+03	 7.64810E+03	 8.15075E+03	 8.36964E+03	 8.35179E+03	 7.66668E+03	 7.48651E+03	 8.15559E+03	 8.65509E+03	 8.96625E+03	 7.20629E+03	 7.17586E+03	 7.48292E+03
 8.07357E+03	 8.46330E+03	 8.60648E+03	 7.95080E+03	 7.63809E+03	 8.76954E+03	 8.50798E+03	 7.27191E+03	 7.43434E+03	 8.37719E+03	 7.86696E+03	 6.90894E+03	 6.18078E+03	 6.16385E+03	 6.64232E+03	 7.22651E+03	 7.72566E+03	 7.62662E+03	 7.80453E+03	 7.01249E+03	 6.91265E+03	 7.52107E+03	 6.68207E+03	 5.60906E+03	 5.42972E+03	 5.89079E+03	 6.91542E+03	 7.75094E+03	 7.92092E+03	 9.52483E+03	 1.08614E+04	 1.14507E+04	 1.13486E+04	 1.07724E+04	 9.93775E+03	 9.44877E+03	 1.00524E+04	 9.78979E+03	 8.79177E+03	 8.52934E+03	 8.49930E+03	 8.06146E+03	 7.42185E+03	 6.62792E+03	 6.22598E+03	 6.40988E+03	 6.13413E+03	 5.89541E+03	 6.27357E+03	 6.57723E+03	 7.87892E+03	 8.90675E+03	 8.83928E+03	 7.84004E+03	 6.33720E+03	 5.97580E+03	 7.05476E+03	 6.86509E+03	 7.29575E+03	 7.65602E+03	 7.93564E+03
 9.55963E+03	 8.96114E+03	 7.48962E+03	 6.64804E+03	 6.47632E+03	 6.69981E+03	 6.11094E+03	 6.39554E+03	 6.92539E+03	 6.59817E+03	 6.51429E+03	 6.00844E+03	 6.21519E+03	 6.75355E+03	 6.94328E+03	 7.01663E+03	 7.55141E+03	 7.62918E+03	 7.66447E+03	 7.56629E+03	 7.47268E+03	 7.34144E+03	 7.33804E+03	 6.26543E+03	 5.32857E+03	 6.51862E+03	 7.33460E+03	 8.17209E+03	 8.98465E+03	 9.26385E+03	 1.01320E+04	 1.07977E+04	 1.11853E+04	 1.11473E+04	 9.76581E+03	 9.21908E+03	 9.02775E+03	 8.38964E+03	 8.68256E+03	 9.05209E+03	 8.47594E+03	 7.99120E+03	 7.79662E+03	 7.82909E+03	 7.42876E+03	 7.19536E+03	 7.23589E+03	 6.50182E+03	 6.37684E+03	 6.87281E+03	 6.84083E+03	 6.80421E+03	 7.53374E+03	 7.90394E+03	 6.87899E+03	 6.34061E+03	 6.55865E+03	 6.99942E+03	 7.43249E+03	 8.12949E+03	 9.39661E+03
 9.12810E+03	 8.78631E+03	 7.79607E+03	 6.98801E+03	 6.62125E+03	 6.30016E+03	 6.38507E+03	 6.77364E+03	 7.20553E+03	 6.65925E+03	 7.09667E+03	 6.06191E+03	 5.96231E+03	 6.01328E+03	 6.11432E+03	 5.92711E+03	 5.45306E+03	 5.19908E+03	 5.43672E+03	 6.51006E+03	 6.84136E+03	 6.66423E+03	 6.46222E+03	 6.19867E+03	 5.59550E+03	 6.05583E+03	 7.22587E+03	 7.68619E+03	 7.66403E+03	 8.42638E+03	 9.36148E+03	 9.68502E+03	 9.70310E+03	 9.84310E+03	 9.09221E+03	 8.81829E+03	 8.10175E+03	 7.38479E+03	 7.95666E+03	 8.57244E+03	 8.27902E+03	 8.05155E+03	 7.91774E+03	 7.83082E+03	 7.70049E+03	 7.54449E+03	 6.83219E+03	 6.74988E+03	 7.32052E+03	 7.19669E+03	 6.49803E+03	 7.09755E+03	 7.08843E+03	 7.62720E+03	 7.38906E+03	 6.94554E+03	 7.34381E+03	 8.11919E+03	 8.03427E+03	 8.29347E+03	 9.07618E+03
 9.18333E+03	 8.00807E+03	 6.90741E+03	 6.44607E+03	 5.92093E+03	 6.62335E+03	 7.07759E+03	 7.84133E+03	 8.56504E+03	 8.57439E+03	 7.51591E+03	 6.85254E+03	 6.91868E+03	 6.25892E+03	 6.59015E+03	 6.30612E+03	 5.11477E+03	 5.12267E+03	 5.70381E+03	 6.51321E+03	 7.12956E+03	 8.36285E+03	 7.79466E+03	 7.26451E+03	 6.77324E+03	 6.11089E+03	 7.02014E+03	 7.22468E+03	 7.67050E+03	 8.03765E+03	 7.99267E+03	 8.25057E+03	 7.89347E+03	 7.70885E+03	 7.94965E+03	 8.12385E+03	 7.80307E+03	 6.74611E+03	 6.11795E+03	 6.31696E+03	 7.23266E+03	 7.75718E+03	 7.86746E+03	 7.63747E+03	 7.62892E+03	 7.18702E+03	 6.94851E+03	 7.55332E+03	 7.39449E+03	 6.34945E+03	 5.62992E+03	 5.50446E+03	 6.27270E+03	 6.22934E+03	 6.30694E+03	 6.88489E+03	 7.32965E+03	 7.03865E+03	 7.17814E+03	 8.03742E+03	 8.23854E+03
 8.23200E+03	 7.48013E+03	 6.19791E+03	 5.37034E+03	 5.32759E+03	 5.55659E+03	 5.47255E+03	 7.02733E+03	 7.56644E+03	 8.31404E+03	 8.30927E+03	 7.31699E+03	 6.29767E+03	 6.09878E+03	 5.90145E+03	 5.60580E+03	 5.39138E+03	 5.46402E+03	 5.94772E+03	 6.23852E+03	 6.42444E+03	 7.62581E+03	 7.86752E+03	 7.54552E+03	 7.49626E+03	 7.64355E+03	 6.33908E+03	 6.17058E+03	 6.13642E+03	 6.73449E+03	 6.65882E+03	 5.90994E+03	 5.87195E+03	 6.20673E+03	 6.45726E+03	 6.55650E+03	 6.05980E+03	 6.06910E+03	 6.06848E+03	 6.53184E+03	 6.77516E+03	 6.78669E+03	 6.82385E+03	 6.82986E+03	 7.05690E+03	 7.05032E+03	 6.70212E+03	 6.71551E+03	 6.13009E+03	 5.31658E+03	 4.87574E+03	 4.65963E+03	 4.73376E+03	 4.63077E+03	 5.19374E+03	 6.04930E+03	 6.80442E+03	 6.41393E+03	 5.99204E+03	 6.46154E+03	 7.11940E+03
 6.58168E+03	 5.96065E+03	 5.42653E+03	 5.41369E+03	 5.07111E+03	 5.22527E+03	 6.03328E+03	 6.10696E+03	 6.14856E+03	 6.48595E+03	 7.95226E+03	 7.05715E+03	 6.32313E+03	 5.93638E+03	 6.45729E+03	 6.24342E+03	 6.43112E+03	 6.15245E+03	 6.14223E+03	 6.43212E+03	 6.71243E+03	 7.35534E+03	 8.03164E+03	 7.71289E+03	 7.16631E+03	 7.24388E+03	 7.17904E+03	 6.45060E+03	 6.68542E+03	 6.63393E+03	 6.51625E+03	 5.72103E+03	 5.84973E+03	 6.00391E+03	 6.08795E+03	 5.96139E+03	 6.28265E+03	 6.42967E+03	 6.48492E+03	 6.17915E+03	 6.82114E+03	 7.87424E+03	 7.35927E+03	 7.35145E+03	 7.73228E+03	 7.56308E+03	 6.71832E+03	 6.85672E+03	 6.29900E+03	 5.31437E+03	 4.76849E+03	 4.23314E+03	 4.05337E+03	 4.85635E+03	 5.41873E+03	 5.96057E+03	 6.54984E+03	 6.79126E+03	 6.41680E+03	 6.20808E+03	 5.75941E+03
 5.56553E+03	 5.40213E+03	 5.26208E+03	 4.96139E+03	 5.13086E+03	 5.26268E+03	 5.82059E+03	 5.67567E+03	 5.87173E+03	 6.95990E+03	 7.02574E+03	 6.66485E+03	 6.21195E+03	 6.33470E+03	 6.08593E+03	 6.65040E+03	 6.01171E+03	 6.38096E+03	 6.90499E+03	 6.55417E+03	 6.96441E+03	 6.81504E+03	 7.36697E+03	 7.30370E+03	 7.47148E+03	 7.07033E+03	 7.72808E+03	 7.17564E+03	 6.39159E+03	 5.62640E+03	 5.29179E+03	 4.89790E+03	 5.54360E+03	 5.45317E+03	 5.12015E+03	 5.21462E+03	 5.39490E+03	 5.32327E+03	 5.02538E+03	 5.33735E+03	 6.08979E+03	 6.61701E+03	 6.68393E+03	 6.71182E+03	 7.17794E+03	 7.09396E+03	 6.72876E+03	 6.36653E+03	 5.54380E+03	 4.65053E+03	 4.25545E+03	 3.86856E+03	 4.21245E+03	 5.16412E+03	 5.72340E+03	 5.82749E+03	 5.95397E+03	 6.44070E+03	 6.12566E+03	 5.94702E+03	 5.20822E+03
 4.88683E+03	 4.92399E+03	 4.64941E+03	 4.14510E+03	 4.07872E+03	 3.70324E+03	 4.43599E+03	 5.10595E+03	 6.18449E+03	 7.15982E+03	 6.12490E+03	 5.60943E+03	 4.95706E+03	 5.16584E+03	 5.74176E+03	 6.45173E+03	 6.06866E+03	 7.45195E+03	 7.25300E+03	 6.60047E+03	 7.24143E+03	 7.78786E+03	 8.42485E+03	 8.39658E+03	 7.40461E+03	 7.80388E+03	 7.69852E+03	 6.77056E+03	 6.53658E+03	 5.28483E+03	 5.24224E+03	 5.08290E+03	 5.27860E+03	 4.99800E+03	 5.27378E+03	 6.13665E+03	 6.17360E+03	 5.32860E+03	 5.10229E+03	 5.22707E+03	 5.46179E+03	 5.78918E+03	 6.34393E+03	 6.62515E+03	 6.81186E+03	 6.94433E+03	 6.69557E+03	 6.53265E+03	 5.55074E+03	 4.59309E+03	 4.07185E+03	 3.93247E+03	 4.67052E+03	 5.36426E+03	 5.89495E+03	 6.48297E+03	 6.37430E+03	 6.68096E+03	 7.19820E+03	 5.80160E+03	 5.54299E+03
 4.05233E+03	 3.81627E+03	 5.27831E+03	 4.27015E+03	 3.93920E+03	 3.78437E+03	 3.74782E+03	 4.01488E+03	 4.47116E+03	 4.41980E+03	 4.49469E+03	 4.07470E+03	 5.07991E+03	 4.91591E+03	 5.92293E+03	 5.97946E+03	 6.84640E+03	 6.70349E+03	 6.41967E+03	 5.89456E+03	 7.22595E+03	 7.86392E+03	 8.04164E+03	 7.66970E+03	 7.20130E+03	 7.24881E+03	 7.11024E+03	 6.71704E+03	 5.87494E+03	 5.75070E+03	 5.33952E+03	 5.44835E+03	 5.15039E+03	 4.15123E+03	 4.51735E+03	 5.40174E+03	 5.88579E+03	 5.72392E+03	 5.37934E+03	 6.04249E+03	 5.49245E+03	 5.21138E+03	 5.41418E+03	 5.83448E+03	 6.29025E+03	 6.25365E+03	 6.24437E+03	 5.92520E+03	 5.30220E+03	 5.03066E+03	 4.18156E+03	 4.43543E+03	 4.58046E+03	 4.64696E+03	 6.11604E+03	 5.79596E+03	 6.00456E+03	 5.98599E+03	 6.08619E+03	 6.15908E+03	 6.10152E+03
 4.14095E+03	 4.39259E+03	 4.79086E+03	 4.22084E+03	 3.66481E+03	 3.58733E+03	 3.32783E+03	 3.16109E+03	 3.38016E+03	 3.61917E+03	 3.51299E+03	 4.51133E+03	 4.66908E+03	 5.20973E+03	 6.83162E+03	 7.59573E+03	 6.53966E+03	 6.51485E+03	 5.39219E+03	 5.47453E+03	 5.99060E+03	 5.95920E+03	 6.74991E+03	 6.57446E+03	 7.03268E+03	 7.10467E+03	 6.43722E+03	 6.50870E+03	 6.53055E+03	 6.40876E+03	 5.54129E+03	 5.43634E+03	 5.06963E+03	 4.72281E+03	 4.89167E+03	 4.87757E+03	 5.21322E+03	 5.07646E+03	 4.88974E+03	 5.45550E+03	 5.32282E+03	 5.52870E+03	 5.50534E+03	 4.83419E+03	 5.38405E+03	 4.87341E+03	 5.55232E+03	 4.91034E+03	 4.17834E+03	 3.52586E+03	 4.02834E+03	 4.15853E+03	 4.30100E+03	 4.58483E+03	 5.28723E+03	 5.65524E+03	 5.91093E+03	 5.75513E+03	 4.95021E+03	 4.92258E+03	 4.45259E+03
 4.89938E+03	 5.04401E+03	 4.23000E+03	 3.97609E+03	 4.00409E+03	 3.59215E+03	 3.61034E+03	 3.61837E+03	 3.32001E+03	 3.71799E+03	 4.43946E+03	 4.86223E+03	 5.02356E+03	 4.99799E+03	 5.50922E+03	 6.75146E+03	 5.67179E+03	 5.64756E+03	 6.07504E+03	 6.21048E+03	 5.05796E+03	 4.69695E+03	 5.45331E+03	 5.56890E+03	 6.55251E+03	 7.03354E+03	 7.60379E+03	 7.74928E+03	 6.55958E+03	 6.43685E+03	 5.99215E+03	 5.30796E+03	 4.66999E+03	 5.75422E+03	 5.11467E+03	 5.93240E+03	 6.11481E+03	 6.10791E+03	 5.85022E+03	 5.30051E+03	 5.34275E+03	 5.82959E+03	 6.16318E+03	 5.86252E+03	 4.72729E+03	 4.29776E+03	 3.92122E+03	 4.04282E+03	 3.04677E+03	 3.56243E+03	 4.82874E+03	 4.78805E+03	 5.20441E+03	 6.42922E+03	 6.41654E+03	 5.46974E+03	 5.12205E+03	 4.28106E+03	 3.94367E+03	 4.74131E+03	 4.75191E+03
 5.50085E+03	 5.63580E+03	 4.32002E+03	 3.65565E+03	 4.12456E+03	 4.49516E+03	 3.39507E+03	 3.56726E+03	 3.47295E+03	 3.82849E+03	 4.54237E+03	 4.47058E+03	 4.17546E+03	 4.94703E+03	 5.65287E+03	 5.72496E+03	 5.44837E+03	 4.79024E+03	 5.14717E+03	 5.64053E+03	 4.58980E+03	 3.96767E+03	 4.68289E+03	 5.21402E+03	 6.70607E+03	 7.76494E+03	 7.96259E+03	 7.96458E+03	 7.22589E+03	 6.24465E+03	 5.44851E+03	 5.87372E+03	 5.22516E+03	 5.67755E+03	 5.37403E+03	 5.52935E+03	 6.37326E+03	 6.39408E+03	 5.83695E+03	 5.67760E+03	 5.44592E+03	 5.68232E+03	 5.54671E+03	 5.57505E+03	 4.98459E+03	 4.63332E+03	 4.01081E+03	 2.70946E+03	 3.13673E+03	 4.21326E+03	 4.62746E+03	 5.90550E+03	 6.62482E+03	 6.99407E+03	 6.64773E+03	 6.33813E+03	 4.99046E+03	 4.53499E+03	 4.09377E+03	 3.76893E+03	 3.47819E+03
 4.64765E+03	 5.00131E+03	 4.70086E+03	 4.27786E+03	 4.83471E+03	 4.40778E+03	 3.98915E+03	 3.54017E+03	 4.21236E+03	 4.99260E+03	 4.20571E+03	 4.25549E+03	 4.86154E+03	 5.10444E+03	 4.95950E+03	 4.30062E+03	 4.81489E+03	 4.50512E+03	 4.49083E+03	 4.48036E+03	 4.28012E+03	 4.36540E+03	 4.53204E+03	 5.01157E+03	 6.67670E+03	 8.31964E+03	 8.43843E+03	 8.51685E+03	 6.93158E+03	 6.49004E+03	 6.84373E+03	 6.20103E+03	 6.31701E+03	 6.57744E+03	 5.41870E+03	 5.28629E+03	 6.71627E+03	 6.70278E+03	 6.30675E+03	 6.04087E+03	 6.59051E+03	 6.32842E+03	 6.13350E+03	 6.34876E+03	 4.85571E+03	 4.53694E+03	 4.66427E+03	 4.52107E+03	 4.15228E+03	 5.51476E+03	 6.20846E+03	 6.98887E+03	 6.91171E+03	 6.09650E+03	 6.68346E+03	 6.41221E+03	 6.19212E+03	 5.31769E+03	 3.98777E+03	 2.95788E+03	 2.97631E+03
 3.57131E+03	 3.99206E+03	 4.75361E+03	 4.81659E+03	 4.52879E+03	 3.45003E+03	 3.26652E+03	 3.55739E+03	 4.23784E+03	 3.66684E+03	 3.88098E+03	 4.12769E+03	 4.56237E+03	 4.78835E+03	 5.49662E+03	 5.03093E+03	 4.27338E+03	 4.18865E+03	 4.07823E+03	 4.28221E+03	 4.03523E+03	 3.74741E+03	 4.21423E+03	 4.31083E+03	 5.87102E+03	 6.54466E+03	 7.33175E+03	 7.07706E+03	 6.96064E+03	 6.48615E+03	 6.61082E+03	 6.55811E+03	 6.79381E+03	 6.55145E+03	 6.02318E+03	 5.38943E+03	 6.37650E+03	 6.67480E+03	 6.50907E+03	 6.42971E+03	 6.27104E+03	 6.11927E+03	 6.70217E+03	 6.12632E+03	 5.90932E+03	 6.25222E+03	 7.00149E+03	 7.89577E+03	 7.54665E+03	 7.15933E+03	 6.45870E+03	 6.08194E+03	 5.55869E+03	 5.38948E+03	 6.38922E+03	 6.64801E+03	 6.28067E+03	 5.29729E+03	 4.24860E+03	 3.44386E+03	 3.32655E+03
 3.21125E+03	 4.21970E+03	 5.36127E+03	 4.91263E+03	 4.51202E+03	 4.04704E+03	 3.71817E+03	 4.88409E+03	 4.28981E+03	 4.21733E+03	 4.09579E+03	 3.95560E+03	 4.29728E+03	 4.90074E+03	 5.24819E+03	 5.22223E+03	 4.46667E+03	 4.47748E+03	 4.23470E+03	 3.40035E+03	 3.09805E+03	 3.56650E+03	 3.60585E+03	 3.60340E+03	 5.00684E+03	 5.23974E+03	 5.62252E+03	 6.23079E+03	 6.23783E+03	 7.04809E+03	 6.86120E+03	 7.42218E+03	 8.23298E+03	 8.18210E+03	 8.47167E+03	 7.30165E+03	 6.88253E+03	 7.47930E+03	 7.81094E+03	 7.45709E+03	 7.04331E+03	 7.11436E+03	 6.95713E+03	 5.93621E+03	 5.15513E+03	 4.82728E+03	 4.33318E+03	 4.72596E+03	 6.08030E+03	 6.52849E+03	 6.43543E+03	 6.29030E+03	 6.17377E+03	 5.66389E+03	 6.10837E+03	 6.49461E+03	 6.27254E+03	 5.68500E+03	 5.40695E+03	 3.92503E+03	 4.02069E+03
 3.72589E+03	 4.17879E+03	 4.58634E+03	 4.58639E+03	 5.15239E+03	 4.24399E+03	 3.82822E+03	 4.90935E+03	 4.88603E+03	 4.36357E+03	 4.07926E+03	 4.11711E+03	 4.53257E+03	 5.26837E+03	 5.56134E+03	 5.06797E+03	 4.17461E+03	 3.69468E+03	 3.51277E+03	 3.18630E+03	 3.37930E+03	 3.58296E+03	 3.72581E+03	 4.41224E+03	 4.59080E+03	 4.74718E+03	 4.88391E+03	 5.59633E+03	 5.93018E+03	 6.52151E+03	 5.88113E+03	 5.72688E+03	 6.34823E+03	 5.91909E+03	 6.49173E+03	 6.45911E+03	 6.71757E+03	 7.38488E+03	 6.95231E+03	 6.60100E+03	 6.57970E+03	 6.39587E+03	 6.03947E+03	 5.78934E+03	 5.52821E+03	 4.73490E+03	 3.98742E+03	 4.01739E+03	 4.22901E+03	 4.70887E+03	 4.57498E+03	 6.27675E+03	 6.23430E+03	 6.43594E+03	 6.41367E+03	 5.60214E+03	 5.86998E+03	 6.98795E+03	 5.89967E+03	 4.04349E+03	 3.80571E+03
 4.45921E+03	 4.87470E+03	 5.06747E+03	 5.30101E+03	 4.40658E+03	 3.92585E+03	 3.15196E+03	 3.82643E+03	 4.41295E+03	 5.11168E+03	 4.39777E+03	 4.67507E+03	 5.39210E+03	 5.66412E+03	 5.36885E+03	 5.02679E+03	 4.24383E+03	 3.20883E+03	 3.31352E+03	 3.73954E+03	 4.27985E+03	 4.15261E+03	 4.28105E+03	 5.18469E+03	 5.12101E+03	 4.91375E+03	 5.00562E+03	 5.13423E+03	 5.20945E+03	 5.59028E+03	 5.88115E+03	 6.59652E+03	 6.21448E+03	 5.97775E+03	 5.89531E+03	 5.54743E+03	 5.86738E+03	 6.76722E+03	 7.00795E+03	 7.22355E+03	 6.92071E+03	 6.17240E+03	 5.91828E+03	 5.40331E+03	 4.99979E+03	 4.45904E+03	 4.33460E+03	 3.90713E+03	 4.11921E+03	 5.02500E+03	 6.10019E+03	 6.65636E+03	 6.26251E+03	 6.00033E+03	 6.09767E+03	 5.92782E+03	 6.18369E+03	 7.81283E+03	 5.72975E+03	 4.12402E+03	 3.96271E+03
 5.11707E+03	 6.03906E+03	 6.03485E+03	 5.58684E+03	 5.31298E+03	 3.89643E+03	 3.24098E+03	 3.42781E+03	 3.69421E+03	 3.99101E+03	 4.13971E+03	 4.77822E+03	 5.19867E+03	 4.72060E+03	 3.95594E+03	 3.22464E+03	 3.10949E+03	 3.20637E+03	 4.10142E+03	 4.34419E+03	 4.63058E+03	 4.55402E+03	 4.21129E+03	 4.47685E+03	 4.46489E+03	 4.53942E+03	 4.71067E+03	 4.97982E+03	 5.36175E+03	 6.10398E+03	 6.50133E+03	 6.86800E+03	 6.37587E+03	 5.80103E+03	 5.72137E+03	 5.46965E+03	 4.80451E+03	 6.35413E+03	 7.08450E+03	 8.03314E+03	 7.78469E+03	 7.49033E+03	 6.27647E+03	 5.81089E+03	 5.29271E+03	 4.83857E+03	 5.41930E+03	 5.29278E+03	 5.63288E+03	 6.13265E+03	 6.23512E+03	 6.35408E+03	 6.21067E+03	 5.82107E+03	 6.21744E+03	 6.38874E+03	 6.68134E+03	 6.92933E+03	 5.16764E+03	 4.83842E+03	 4.74311E+03
 5.35893E+03	 5.77144E+03	 5.62432E+03	 5.33344E+03	 5.18239E+03	 3.87458E+03	 3.61146E+03	 3.92206E+03	 3.62015E+03	 3.65537E+03	 4.77494E+03	 4.70009E+03	 4.27322E+03	 4.02160E+03	 3.75032E+03	 3.35850E+03	 3.83270E+03	 5.07187E+03	 4.88169E+03	 4.16894E+03	 3.95073E+03	 4.20294E+03	 3.97406E+03	 4.42134E+03	 4.80811E+03	 5.05914E+03	 5.42063E+03	 5.61061E+03	 5.73287E+03	 5.52071E+03	 6.08262E+03	 7.14862E+03	 6.75241E+03	 6.19091E+03	 5.74531E+03	 5.50511E+03	 5.18972E+03	 5.70852E+03	 6.33911E+03	 5.74418E+03	 6.41215E+03	 5.96697E+03	 5.05000E+03	 4.71115E+03	 5.47327E+03	 5.31389E+03	 5.02478E+03	 5.76849E+03	 6.31549E+03	 6.30540E+03	 5.35910E+03	 5.53373E+03	 6.19477E+03	 5.81177E+03	 6.34999E+03	 6.83401E+03	 6.90991E+03	 5.65782E+03	 5.45231E+03	 5.32891E+03	 5.41263E+03
 5.12333E+03	 5.59229E+03	 5.72668E+03	 5.63891E+03	 5.82786E+03	 5.26831E+03	 4.61283E+03	 4.39115E+03	 4.09138E+03	 3.56728E+03	 3.44604E+03	 3.71008E+03	 4.23353E+03	 4.54231E+03	 3.77083E+03	 3.98441E+03	 5.59865E+03	 6.09551E+03	 4.78272E+03	 4.20570E+03	 4.57200E+03	 4.35783E+03	 4.45157E+03	 4.43498E+03	 4.99054E+03	 6.12545E+03	 7.17492E+03	 6.58757E+03	 5.70015E+03	 6.15918E+03	 6.19267E+03	 6.43708E+03	 6.85912E+03	 6.87901E+03	 6.70434E+03	 6.07710E+03	 5.58187E+03	 5.03820E+03	 5.04496E+03	 5.34406E+03	 4.98021E+03	 4.84986E+03	 5.25126E+03	 4.90264E+03	 5.03387E+03	 5.28382E+03	 5.66849E+03	 6.13630E+03	 6.24487E+03	 6.33893E+03	 4.94484E+03	 4.76751E+03	 5.41762E+03	 5.23841E+03	 4.68130E+03	 4.86489E+03	 5.84116E+03	 5.57541E+03	 5.54086E+03	 6.01037E+03	 6.13196E+03
 5.18742E+03	 5.60548E+03	 6.08003E+03	 6.10095E+03	 5.70166E+03	 4.93354E+03	 4.94371E+03	 5.87894E+03	 5.56620E+03	 5.07206E+03	 4.52331E+03	 4.62471E+03	 4.91961E+03	 4.90133E+03	 4.49462E+03	 5.01741E+03	 6.47795E+03	 5.51262E+03	 4.10959E+03	 4.15027E+03	 4.32669E+03	 4.50974E+03	 4.92468E+03	 4.83719E+03	 5.05505E+03	 6.09657E+03	 6.67001E+03	 6.33945E+03	 6.13493E+03	 5.59111E+03	 5.53078E+03	 5.76154E+03	 5.98235E+03	 6.12302E+03	 6.16132E+03	 5.54562E+03	 4.67838E+03	 4.51693E+03	 4.46074E+03	 4.56576E+03	 3.92054E+03	 3.82158E+03	 5.01165E+03	 5.88534E+03	 5.58493E+03	 5.23660E+03	 5.81643E+03	 6.85284E+03	 6.80873E+03	 6.49327E+03	 5.85000E+03	 5.24453E+03	 5.08652E+03	 4.69121E+03	 4.45572E+03	 4.15914E+03	 4.98907E+03	 4.98831E+03	 4.95264E+03	 6.31922E+03	 6.40058E+03
 5.96402E+03	 6.83044E+03	 7.16856E+03	 7.52358E+03	 7.04590E+03	 6.31255E+03	 6.29843E+03	 6.69380E+03	 6.47822E+03	 5.41996E+03	 5.19887E+03	 5.93221E+03	 5.70381E+03	 5.14089E+03	 5.15374E+03	 5.29524E+03	 5.06332E+03	 4.44061E+03	 4.59740E+03	 5.45070E+03	 5.70801E+03	 5.12302E+03	 5.37347E+03	 5.08315E+03	 5.55907E+03	 6.39318E+03	 6.43320E+03	 5.88815E+03	 6.30320E+03	 6.21562E+03	 6.08445E+03	 7.09767E+03	 7.11314E+03	 5.67933E+03	 5.06233E+03	 4.52699E+03	 4.43810E+03	 4.44060E+03	 4.59768E+03	 5.07640E+03	 4.73321E+03	 5.24261E+03	 5.51732E+03	 5.28289E+03	 4.87527E+03	 4.85398E+03	 6.26354E+03	 6.95016E+03	 6.51297E+03	 6.97638E+03	 6.72218E+03	 6.01762E+03	 5.32240E+03	 5.04916E+03	 4.94677E+03	 4.99189E+03	 5.21349E+03	 5.49820E+03	 5.51708E+03	 5.96910E+03	 6.15047E+03
 7.06951E+03	 8.16193E+03	 8.76143E+03	 7.78122E+03	 6.69714E+03	 6.52003E+03	 6.52849E+03	 5.99600E+03	 5.80144E+03	 5.22731E+03	 5.08633E+03	 4.84702E+03	 4.71339E+03	 4.93012E+03	 4.98941E+03	 4.92405E+03	 5.29600E+03	 5.36532E+03	 6.13968E+03	 6.09412E+03	 4.63039E+03	 4.82432E+03	 5.63742E+03	 5.89169E+03	 5.94251E+03	 5.98403E+03	 5.75685E+03	 6.13411E+03	 6.85222E+03	 7.78726E+03	 7.80926E+03	 6.61434E+03	 6.14630E+03	 5.19804E+03	 4.76300E+03	 5.01443E+03	 5.32105E+03	 5.12389E+03	 4.20709E+03	 3.97535E+03	 4.29849E+03	 4.69780E+03	 4.35011E+03	 3.70704E+03	 3.75681E+03	 4.45954E+03	 5.78734E+03	 7.17400E+03	 7.47663E+03	 7.38661E+03	 7.85406E+03	 7.10672E+03	 6.18902E+03	 5.67631E+03	 4.90721E+03	 4.94157E+03	 5.31394E+03	 5.22793E+03	 5.39927E+03	 5.74969E+03	 5.78393E+03
 7.16631E+03	 7.67591E+03	 8.17787E+03	 6.89336E+03	 5.62401E+03	 5.32599E+03	 5.51954E+03	 5.74208E+03	 4.92437E+03	 5.07049E+03	 4.88187E+03	 4.93197E+03	 5.21967E+03	 5.15707E+03	 4.61714E+03	 4.33803E+03	 4.02702E+03	 4.22221E+03	 4.40729E+03	 4.90921E+03	 5.28573E+03	 5.19739E+03	 5.72972E+03	 6.67635E+03	 6.72795E+03	 6.90399E+03	 7.05872E+03	 6.16915E+03	 5.69366E+03	 6.51095E+03	 7.03269E+03	 6.63972E+03	 6.33870E+03	 6.14445E+03	 5.64587E+03	 5.60068E+03	 5.23990E+03	 5.10035E+03	 5.90362E+03	 5.67434E+03	 6.00054E+03	 5.09616E+03	 4.61970E+03	 4.72629E+03	 5.34176E+03	 5.88847E+03	 6.89909E+03	 7.79898E+03	 8.37576E+03	 9.04711E+03	 8.62323E+03	 8.26331E+03	 7.75297E+03	 7.56818E+03	 7.36011E+03	 7.41151E+03	 6.80578E+03	 6.52258E+03	 5.83110E+03	 5.79236E+03	 6.36779E+03
 6.83564E+03	 7.98743E+03	 8.69352E+03	 7.72436E+03	 6.39492E+03	 6.23109E+03	 6.69079E+03	 5.96168E+03	 5.47611E+03	 5.42541E+03	 4.73180E+03	 5.14291E+03	 5.63637E+03	 5.93416E+03	 5.28847E+03	 4.55128E+03	 3.98265E+03	 4.25714E+03	 4.72995E+03	 5.74571E+03	 5.16720E+03	 4.92219E+03	 5.34194E+03	 6.37901E+03	 6.83219E+03	 6.93439E+03	 6.38041E+03	 5.54360E+03	 5.31489E+03	 6.57173E+03	 6.36108E+03	 6.38608E+03	 6.54312E+03	 6.14509E+03	 5.52593E+03	 4.81631E+03	 4.22979E+03	 4.43010E+03	 5.81723E+03	 6.11036E+03	 5.87698E+03	 5.62037E+03	 5.40946E+03	 5.69585E+03	 6.33735E+03	 7.21870E+03	 7.93372E+03	 8.04855E+03	 8.19376E+03	 8.20336E+03	 8.18929E+03	 8.67821E+03	 7.45715E+03	 6.46922E+03	 6.78446E+03	 7.27347E+03	 7.02145E+03	 7.01003E+03	 6.58880E+03	 6.55678E+03	 6.17107E+03
 7.21976E+03	 7.76342E+03	 8.42298E+03	 7.52103E+03	 7.17730E+03	 7.20421E+03	 6.90915E+03	 5.26326E+03	 5.09336E+03	 5.29873E+03	 5.25562E+03	 5.59877E+03	 5.91701E+03	 5.10875E+03	 4.83795E+03	 5.37827E+03	 5.11119E+03	 5.71847E+03	 6.59732E+03	 6.15810E+03	 6.30996E+03	 5.70952E+03	 4.85324E+03	 4.26419E+03	 4.37795E+03	 4.83917E+03	 5.21253E+03	 5.20437E+03	 4.73946E+03	 4.87548E+03	 5.31330E+03	 5.72300E+03	 6.45458E+03	 6.47816E+03	 5.62182E+03	 5.20904E+03	 4.46359E+03	 5.09914E+03	 6.67793E+03	 6.69474E+03	 6.76620E+03	 6.33908E+03	 6.42567E+03	 6.33057E+03	 7.09224E+03	 7.38122E+03	 8.03496E+03	 8.64674E+03	 8.59327E+03	 8.20402E+03	 8.11957E+03	 8.09157E+03	 7.46921E+03	 6.38313E+03	 6.04462E+03	 6.35788E+03	 6.76487E+03	 7.28434E+03	 6.94391E+03	 6.30495E+03	 6.56423E+03
 8.17073E+03	 7.76830E+03	 7.32459E+03	 7.03719E+03	 6.59341E+03	 6.65324E+03	 6.27175E+03	 5.11706E+03	 5.00576E+03	 5.72050E+03	 6.13945E+03	 5.92190E+03	 5.28903E+03	 4.37405E+03	 4.81235E+03	 5.90430E+03	 6.71384E+03	 6.96329E+03	 5.58172E+03	 5.50699E+03	 5.75668E+03	 5.08585E+03	 4.80988E+03	 4.72687E+03	 4.29822E+03	 4.72371E+03	 6.07365E+03	 6.11553E+03	 5.58196E+03	 5.93147E+03	 6.16077E+03	 6.74020E+03	 7.43359E+03	 6.96163E+03	 6.15934E+03	 5.93987E+03	 5.34020E+03	 5.73882E+03	 6.15593E+03	 6.66521E+03	 6.53160E+03	 6.90072E+03	 7.07477E+03	 7.26336E+03	 7.73611E+03	 7.47098E+03	 7.88261E+03	 8.16117E+03	 8.12783E+03	 7.83349E+03	 7.87903E+03	 7.68776E+03	 7.20601E+03	 6.75371E+03	 6.70822E+03	 7.02548E+03	 7.42952E+03	 7.60090E+03	 6.40620E+03	 6.20627E+03	 6.07256E+03
 6.89602E+03	 7.56215E+03	 7.48437E+03	 7.48222E+03	 6.50098E+03	 6.22004E+03	 5.26032E+03	 4.53215E+03	 5.31303E+03	 6.33106E+03	 5.93631E+03	 5.41646E+03	 5.37038E+03	 5.58096E+03	 5.12697E+03	 5.28492E+03	 5.38797E+03	 4.59950E+03	 4.10231E+03	 4.03058E+03	 3.65635E+03	 3.69498E+03	 4.41714E+03	 4.75666E+03	 4.12479E+03	 4.43524E+03	 5.17794E+03	 6.33132E+03	 6.32853E+03	 6.39293E+03	 6.93139E+03	 7.88055E+03	 7.00248E+03	 6.24978E+03	 5.99812E+03	 6.47077E+03	 6.09349E+03	 6.19605E+03	 6.32688E+03	 6.62589E+03	 6.94476E+03	 7.18663E+03	 7.16446E+03	 6.77171E+03	 6.89286E+03	 7.32456E+03	 7.85615E+03	 9.05671E+03	 9.14879E+03	 8.08510E+03	 8.09815E+03	 8.43492E+03	 7.55683E+03	 7.34937E+03	 8.18902E+03	 8.13140E+03	 7.94422E+03	 7.45310E+03	 6.78943E+03	 6.53886E+03	 6.10421E+03
 7.38520E+03	 8.08003E+03	 7.64879E+03	 6.65896E+03	 5.96408E+03	 5.77741E+03	 5.19267E+03	 5.67168E+03	 6.13967E+03	 6.95805E+03	 6.31040E+03	 5.66834E+03	 5.64233E+03	 6.53038E+03	 6.83172E+03	 5.82115E+03	 4.48648E+03	 4.67045E+03	 4.81573E+03	 3.90623E+03	 3.26759E+03	 3.23221E+03	 4.57676E+03	 5.39466E+03	 5.40428E+03	 5.31602E+03	 5.44416E+03	 6.50061E+03	 6.86140E+03	 7.46485E+03	 7.30723E+03	 7.13160E+03	 6.59515E+03	 6.55997E+03	 6.76156E+03	 6.84771E+03	 6.28969E+03	 6.39052E+03	 7.29496E+03	 7.34539E+03	 7.59341E+03	 7.23024E+03	 7.05399E+03	 7.10761E+03	 8.06026E+03	 7.60514E+03	 8.03056E+03	 8.53255E+03	 9.92056E+03	 9.06680E+03	 8.49608E+03	 7.82235E+03	 8.61648E+03	 9.01788E+03	 8.66985E+03	 7.79808E+03	 7.30072E+03	 6.64085E+03	 6.96164E+03	 6.36241E+03	 6.82360E+03
 7.62640E+03	 8.70787E+03	 8.69456E+03	 7.30863E+03	 6.52682E+03	 6.54411E+03	 7.09864E+03	 7.40176E+03	 6.84908E+03	 6.62931E+03	 6.93688E+03	 6.46774E+03	 6.25306E+03	 5.77647E+03	 5.76135E+03	 5.86560E+03	 5.90755E+03	 6.43733E+03	 6.10935E+03	 4.18761E+03	 3.54328E+03	 3.79917E+03	 4.02798E+03	 4.44375E+03	 5.05793E+03	 5.09135E+03	 5.22487E+03	 5.93998E+03	 6.61676E+03	 6.79281E+03	 7.14660E+03	 7.82617E+03	 7.07120E+03	 6.63553E+03	 6.55742E+03	 6.69923E+03	 6.29709E+03	 6.20603E+03	 6.37664E+03	 7.04786E+03	 6.55146E+03	 6.39781E+03	 6.62673E+03	 6.94766E+03	 6.65134E+03	 7.61628E+03	 7.32632E+03	 7.93605E+03	 8.47348E+03	 7.29062E+03	 7.10555E+03	 7.03530E+03	 6.46085E+03	 7.51736E+03	 7.81065E+03	 7.08758E+03	 7.05356E+03	 6.96648E+03	 6.70212E+03	 7.01723E+03	 6.59570E+03
 7.78654E+03	 7.58486E+03	 7.97400E+03	 7.39407E+03	 7.18297E+03	 6.92634E+03	 6.74389E+03	 7.42896E+03	 7.50578E+03	 7.09443E+03	 6.02569E+03	 4.89341E+03	 4.67660E+03	 4.89936E+03	 5.38390E+03	 6.07169E+03	 6.67003E+03	 6.35397E+03	 5.80579E+03	 3.49702E+03	 3.26519E+03	 3.87901E+03	 4.56066E+03	 4.63906E+03	 4.81683E+03	 5.31047E+03	 5.53904E+03	 5.76800E+03	 6.18681E+03	 6.41908E+03	 7.41020E+03	 7.83798E+03	 8.24140E+03	 7.74174E+03	 8.01619E+03	 7.52888E+03	 6.54799E+03	 6.41295E+03	 7.27293E+03	 7.21038E+03	 6.64983E+03	 7.00701E+03	 7.60755E+03	 8.52005E+03	 8.06046E+03	 7.94782E+03	 7.70044E+03	 8.17667E+03	 8.72832E+03	 8.12351E+03	 7.95993E+03	 7.17069E+03	 7.11240E+03	 7.39585E+03	 7.63556E+03	 8.06037E+03	 7.68953E+03	 7.69627E+03	 7.43337E+03	 8.49143E+03	 7.58312E+03
 7.64150E+03	 8.34451E+03	 7.70160E+03	 6.68783E+03	 5.93945E+03	 6.39199E+03	 7.30735E+03	 7.29243E+03	 6.86916E+03	 5.55483E+03	 5.33496E+03	 5.15957E+03	 4.73571E+03	 4.83607E+03	 5.18412E+03	 6.00984E+03	 5.78242E+03	 6.27042E+03	 4.66525E+03	 3.15784E+03	 3.19691E+03	 3.17832E+03	 3.77320E+03	 5.28970E+03	 5.66292E+03	 6.01711E+03	 6.34606E+03	 6.24525E+03	 6.12234E+03	 6.52451E+03	 7.96316E+03	 8.69563E+03	 9.31784E+03	 8.99734E+03	 8.21215E+03	 7.65901E+03	 7.51059E+03	 6.98657E+03	 6.55190E+03	 7.06457E+03	 6.93487E+03	 8.01259E+03	 8.16380E+03	 8.62930E+03	 8.64641E+03	 8.53714E+03	 8.65990E+03	 8.52678E+03	 8.27431E+03	 8.80262E+03	 7.40280E+03	 7.27476E+03	 7.09994E+03	 7.88562E+03	 7.49216E+03	 7.48910E+03	 7.34747E+03	 8.39907E+03	 7.88341E+03	 8.65585E+03	 7.78829E+03
 6.31698E+03	 8.07448E+03	 7.34360E+03	 6.73248E+03	 5.87141E+03	 6.24045E+03	 7.55703E+03	 7.51876E+03	 6.41753E+03	 5.71726E+03	 5.34163E+03	 5.37297E+03	 4.54815E+03	 4.70089E+03	 4.66677E+03	 5.31993E+03	 5.46527E+03	 5.11682E+03	 4.61210E+03	 3.79784E+03	 3.70336E+03	 3.38345E+03	 4.24598E+03	 6.27801E+03	 6.39783E+03	 7.17734E+03	 7.11792E+03	 6.47015E+03	 6.97722E+03	 7.10086E+03	 8.79692E+03	 8.63443E+03	 8.78128E+03	 9.01233E+03	 7.67666E+03	 7.03735E+03	 7.79006E+03	 7.09709E+03	 6.32892E+03	 5.83980E+03	 6.77376E+03	 7.36450E+03	 8.75249E+03	 9.13889E+03	 9.07158E+03	 7.79210E+03	 8.04117E+03	 8.03082E+03	 9.24187E+03	 8.55960E+03	 7.45245E+03	 7.23571E+03	 7.02126E+03	 7.42159E+03	 7.22963E+03	 7.77150E+03	 8.64256E+03	 9.73801E+03	 9.76363E+03	 8.42811E+03	 7.78702E+03
 6.35321E+03	 6.21117E+03	 7.29312E+03	 6.92462E+03	 7.43719E+03	 7.91923E+03	 7.36072E+03	 7.15161E+03	 6.03493E+03	 5.48909E+03	 5.12979E+03	 4.29962E+03	 4.57090E+03	 5.15972E+03	 5.34897E+03	 5.67194E+03	 5.83140E+03	 5.52506E+03	 4.53364E+03	 4.34266E+03	 3.90076E+03	 3.42143E+03	 5.10578E+03	 5.46350E+03	 5.29069E+03	 6.08136E+03	 5.87335E+03	 5.77945E+03	 5.98688E+03	 6.75762E+03	 7.77270E+03	 8.31842E+03	 7.58602E+03	 7.95208E+03	 6.97798E+03	 6.64639E+03	 7.18529E+03	 7.59950E+03	 6.48694E+03	 5.75541E+03	 6.62121E+03	 7.64198E+03	 8.61523E+03	 9.05897E+03	 8.08902E+03	 7.09948E+03	 7.72546E+03	 7.87303E+03	 8.98979E+03	 8.57174E+03	 7.92500E+03	 7.10539E+03	 7.63702E+03	 7.82014E+03	 7.59553E+03	 8.27992E+03	 9.17278E+03	 8.59995E+03	 9.21651E+03	 8.63170E+03	 7.96415E+03
 6.74487E+03	 7.25157E+03	 7.43225E+03	 7.66063E+03	 6.80965E+03	 5.97393E+03	 6.30200E+03	 6.37419E+03	 5.36141E+03	 3.78812E+03	 3.19088E+03	 3.62864E+03	 5.13982E+03	 6.24535E+03	 6.41385E+03	 6.07344E+03	 5.98840E+03	 5.64815E+03	 4.38057E+03	 3.76292E+03	 3.63859E+03	 4.06813E+03	 5.67282E+03	 5.43551E+03	 5.80978E+03	 6.39092E+03	 5.58234E+03	 5.97124E+03	 6.62642E+03	 7.46140E+03	 7.32950E+03	 8.03785E+03	 7.70757E+03	 7.27855E+03	 6.26401E+03	 6.00269E+03	 6.67930E+03	 7.28780E+03	 7.28479E+03	 6.73376E+03	 7.31334E+03	 6.86597E+03	 8.12997E+03	 9.16602E+03	 8.46102E+03	 8.03796E+03	 7.59646E+03	 7.99707E+03	 7.59217E+03	 7.49318E+03	 7.98750E+03	 7.91399E+03	 8.13307E+03	 8.41388E+03	 8.67358E+03	 7.36669E+03	 7.98324E+03	 8.95034E+03	 8.68692E+03	 7.78177E+03	 7.25241E+03
 5.96328E+03	 7.68616E+03	 7.81990E+03	 7.18444E+03	 5.33765E+03	 5.53375E+03	 5.87194E+03	 6.19270E+03	 6.49201E+03	 6.71695E+03	 5.76906E+03	 5.18348E+03	 5.88557E+03	 6.45054E+03	 6.44632E+03	 6.62402E+03	 6.62817E+03	 6.07122E+03	 5.01998E+03	 4.81180E+03	 4.50480E+03	 4.77651E+03	 5.96208E+03	 5.41792E+03	 5.58766E+03	 6.11177E+03	 5.47965E+03	 5.51107E+03	 6.06365E+03	 7.27420E+03	 8.15375E+03	 7.59424E+03	 7.73924E+03	 7.72059E+03	 7.07221E+03	 6.29868E+03	 6.81885E+03	 7.69340E+03	 8.04598E+03	 8.14319E+03	 8.22206E+03	 8.07656E+03	 8.43059E+03	 8.22388E+03	 7.66428E+03	 6.95274E+03	 7.92889E+03	 8.68844E+03	 8.20641E+03	 9.23526E+03	 8.43085E+03	 7.91496E+03	 8.57069E+03	 8.36964E+03	 8.36640E+03	 7.25517E+03	 7.91031E+03	 8.54605E+03	 7.50164E+03	 7.36201E+03	 7.55576E+03
 6.83350E+03	 7.55706E+03	 8.04507E+03	 8.35181E+03	 6.94268E+03	 6.51486E+03	 7.39736E+03	 6.90906E+03	 7.75190E+03	 8.85774E+03	 7.57793E+03	 7.21987E+03	 7.04324E+03	 7.27120E+03	 6.83032E+03	 7.07263E+03	 6.79534E+03	 7.32448E+03	 6.85329E+03	 6.90173E+03	 5.31069E+03	 5.70132E+03	 7.12337E+03	 6.44651E+03	 5.49768E+03	 5.62407E+03	 5.17562E+03	 5.00988E+03	 5.32370E+03	 6.03178E+03	 6.86702E+03	 7.09984E+03	 7.41381E+03	 8.22832E+03	 7.73151E+03	 7.55878E+03	 7.65436E+03	 6.95349E+03	 6.83581E+03	 7.28838E+03	 7.10851E+03	 7.22704E+03	 7.53027E+03	 8.18479E+03	 8.86624E+03	 9.61645E+03	 1.02242E+04	 1.00923E+04	 8.80397E+03	 8.44287E+03	 8.95711E+03	 8.91470E+03	 8.79953E+03	 8.10558E+03	 7.90596E+03	 7.49908E+03	 8.53909E+03	 8.19427E+03	 7.82928E+03	 7.88847E+03	 7.12494E+03
 7.86720E+03	 8.03075E+03	 7.82709E+03	 7.64169E+03	 7.64586E+03	 7.88894E+03	 8.75078E+03	 9.42528E+03	 9.61436E+03	 8.79712E+03	 8.13485E+03	 7.85104E+03	 7.88959E+03	 7.50332E+03	 6.72722E+03	 6.00617E+03	 6.24079E+03	 6.56023E+03	 7.31207E+03	 7.55835E+03	 6.79428E+03	 6.49831E+03	 6.98341E+03	 7.83194E+03	 7.16393E+03	 6.76688E+03	 6.29946E+03	 5.55783E+03	 5.12100E+03	 5.51252E+03	 6.35440E+03	 6.78522E+03	 6.97212E+03	 6.95591E+03	 6.97678E+03	 7.63131E+03	 8.06442E+03	 7.11138E+03	 7.24417E+03	 7.26382E+03	 7.48605E+03	 7.45643E+03	 7.94618E+03	 8.57799E+03	 8.94912E+03	 9.09201E+03	 8.60246E+03	 8.76882E+03	 8.29792E+03	 7.45510E+03	 8.02841E+03	 9.15935E+03	 8.70649E+03	 7.10304E+03	 7.17545E+03	 7.48883E+03	 8.15270E+03	 8.48004E+03	 8.93453E+03	 7.90476E+03	 7.22257E+03
 9.04570E+03	 9.41347E+03	 9.12694E+03	 8.63437E+03	 8.07270E+03	 7.59974E+03	 8.89542E+03	 9.80977E+03	 9.98196E+03	 9.03099E+03	 8.19063E+03	 7.71386E+03	 7.37347E+03	 6.65852E+03	 6.96721E+03	 7.67347E+03	 7.19701E+03	 7.12511E+03	 7.11404E+03	 7.80297E+03	 7.22541E+03	 6.95454E+03	 7.39512E+03	 7.55062E+03	 7.90396E+03	 7.77574E+03	 6.96169E+03	 6.59572E+03	 6.72153E+03	 6.92533E+03	 6.79448E+03	 6.83780E+03	 7.47548E+03	 7.85031E+03	 7.85846E+03	 8.16772E+03	 7.98782E+03	 7.89474E+03	 7.80969E+03	 8.59961E+03	 9.35031E+03	 9.27414E+03	 9.38488E+03	 9.70350E+03	 1.01749E+04	 1.03292E+04	 9.70977E+03	 8.78175E+03	 8.67316E+03	 8.26730E+03	 8.32279E+03	 7.80983E+03	 8.22571E+03	 8.04539E+03	 7.62513E+03	 7.74213E+03	 8.80038E+03	 8.90413E+03	 9.35018E+03	 8.69380E+03	 7.52188E+03
 9.32521E+03	 8.49577E+03	 7.86355E+03	 6.95617E+03	 6.37168E+03	 6.56209E+03	 7.06409E+03	 7.79985E+03	 8.68712E+03	 9.05774E+03	 8.99666E+03	 8.24439E+03	 7.24249E+03	 7.87856E+03	 9.13200E+03	 1.02862E+04	 9.50149E+03	 8.52672E+03	 8.11699E+03	 7.78732E+03	 7.61494E+03	 7.38687E+03	 7.54483E+03	 7.14910E+03	 7.57771E+03	 7.67376E+03	 6.62332E+03	 5.49728E+03	 6.29973E+03	 6.93434E+03	 7.38074E+03	 7.82778E+03	 8.50444E+03	 8.55499E+03	 8.27152E+03	 8.49498E+03	 8.86006E+03	 9.04857E+03	 8.75689E+03	 9.42745E+03	 9.03700E+03	 9.74588E+03	 1.01333E+04	 9.46493E+03	 9.80898E+03	 9.51973E+03	 8.37355E+03	 8.12415E+03	 8.44791E+03	 8.54891E+03	 7.62900E+03	 7.19856E+03	 7.54935E+03	 8.39151E+03	 8.12150E+03	 8.99045E+03	 9.77517E+03	 9.90099E+03	 1.01381E+04	 1.09184E+04	 1.04063E+04
 1.00009E+04	 8.23699E+03	 6.80950E+03	 6.09323E+03	 6.28492E+03	 7.71749E+03	 7.95921E+03	 8.06031E+03	 7.71862E+03	 7.73735E+03	 7.49360E+03	 7.17822E+03	 6.83263E+03	 6.98906E+03	 7.08026E+03	 8.11383E+03	 8.21825E+03	 7.70575E+03	 7.56295E+03	 7.24994E+03	 7.02193E+03	 6.97076E+03	 6.68665E+03	 6.87739E+03	 6.95797E+03	 5.96925E+03	 5.22426E+03	 5.10879E+03	 6.48647E+03	 6.93054E+03	 7.22706E+03	 7.06353E+03	 7.92856E+03	 8.32343E+03	 7.91375E+03	 7.72555E+03	 7.67900E+03	 8.84981E+03	 9.34434E+03	 9.86627E+03	 9.94258E+03	 9.44983E+03	 9.35866E+03	 9.26192E+03	 9.76442E+03	 9.05658E+03	 8.00552E+03	 7.41020E+03	 7.50941E+03	 8.50830E+03	 8.45734E+03	 7.29875E+03	 7.08268E+03	 7.32631E+03	 7.32073E+03	 8.59477E+03	 1.06536E+04	 1.10929E+04	 1.07370E+04	 1.19128E+04	 1.12005E+04
 9.00446E+03	 8.21034E+03	 7.15580E+03	 6.71881E+03	 6.96166E+03	 7.77271E+03	 8.07805E+03	 7.49379E+03	 7.13878E+03	 6.93878E+03	 7.31623E+03	 7.78911E+03	 7.81245E+03	 7.26423E+03	 7.38923E+03	 8.07263E+03	 8.20870E+03	 8.56792E+03	 8.02159E+03	 6.82037E+03	 6.67489E+03	 7.39650E+03	 7.38915E+03	 7.49277E+03	 7.41578E+03	 6.21857E+03	 5.63561E+03	 5.38906E+03	 6.70905E+03	 7.29986E+03	 6.93266E+03	 6.36768E+03	 5.96652E+03	 5.82292E+03	 6.18596E+03	 6.36712E+03	 7.01164E+03	 7.82783E+03	 8.01484E+03	 8.29624E+03	 8.38212E+03	 8.35328E+03	 9.01235E+03	 8.68430E+03	 8.35987E+03	 7.79415E+03	 6.60215E+03	 6.80070E+03	 7.47103E+03	 8.17718E+03	 8.75680E+03	 8.14853E+03	 8.11763E+03	 8.10281E+03	 7.81218E+03	 8.96313E+03	 1.03627E+04	 1.00470E+04	 9.45743E+03	 9.94010E+03	 1.13450E+04
 8.33744E+03	 7.72885E+03	 7.88586E+03	 7.44080E+03	 7.05793E+03	 7.40163E+03	 8.30669E+03	 7.79411E+03	 7.05883E+03	 6.79020E+03	 6.63918E+03	 7.26227E+03	 7.30406E+03	 6.75579E+03	 6.89273E+03	 7.13670E+03	 7.34497E+03	 7.57549E+03	 7.91197E+03	 7.41285E+03	 6.60858E+03	 6.81730E+03	 8.44479E+03	 9.03571E+03	 7.42591E+03	 6.81737E+03	 6.36431E+03	 6.50183E+03	 7.11280E+03	 8.16779E+03	 7.83425E+03	 6.93295E+03	 5.90156E+03	 5.52233E+03	 5.90676E+03	 5.98031E+03	 6.70156E+03	 7.26988E+03	 7.28406E+03	 6.78156E+03	 7.14885E+03	 8.18906E+03	 8.10151E+03	 7.54908E+03	 6.99881E+03	 5.49930E+03	 5.00576E+03	 5.39327E+03	 5.97643E+03	 6.94543E+03	 6.85401E+03	 6.75405E+03	 6.67073E+03	 6.59213E+03	 6.20573E+03	 7.08778E+03	 9.16739E+03	 1.04217E+04	 1.02989E+04	 1.05180E+04	 1.06729E+04
 9.49456E+03	 9.93346E+03	 9.54304E+03	 9.12038E+03	 8.44695E+03	 8.17235E+03	 8.48155E+03	 7.69484E+03	 7.90010E+03	 7.76216E+03	 8.02558E+03	 7.30571E+03	 7.09331E+03	 6.97913E+03	 7.29426E+03	 8.68014E+03	 8.54988E+03	 8.69415E+03	 9.11675E+03	 8.28620E+03	 7.35974E+03	 7.19712E+03	 8.43121E+03	 9.08789E+03	 8.55847E+03	 7.50241E+03	 7.18336E+03	 7.58238E+03	 6.89630E+03	 7.44093E+03	 7.92398E+03	 7.42303E+03	 6.85676E+03	 6.61402E+03	 6.15624E+03	 5.72961E+03	 6.16923E+03	 6.34667E+03	 5.79031E+03	 5.82475E+03	 6.83502E+03	 7.60251E+03	 7.58714E+03	 7.44576E+03	 7.69745E+03	 6.83050E+03	 6.27453E+03	 5.78737E+03	 6.07453E+03	 7.08096E+03	 7.83329E+03	 7.38028E+03	 6.74034E+03	 6.61240E+03	 6.81723E+03	 7.51279E+03	 7.49676E+03	 7.51071E+03	 8.18439E+03	 8.78813E+03	 9.85815E+03
 8.59046E+03	 7.98586E+03	 8.75039E+03	 8.93188E+03	 8.99860E+03	 9.28496E+03	 9.59000E+03	 8.91832E+03	 8.53057E+03	 8.51541E+03	 9.03895E+03	 8.63804E+03	 8.18023E+03	 8.03144E+03	 8.65174E+03	 9.20322E+03	 1.02027E+04	 1.08603E+04	 1.09617E+04	 9.91231E+03	 8.61861E+03	 7.51323E+03	 8.16739E+03	 8.33396E+03	 7.42211E+03	 7.21003E+03	 7.77001E+03	 8.25962E+03	 8.20645E+03	 8.50370E+03	 8.59796E+03	 8.04098E+03	 7.24493E+03	 6.59445E+03	 6.30279E+03	 7.47617E+03	 8.03717E+03	 6.52993E+03	 5.68163E+03	 5.62583E+03	 5.80940E+03	 6.09806E+03	 6.81820E+03	 6.76606E+03	 6.16316E+03	 5.88575E+03	 6.03003E+03	 6.19502E+03	 5.88717E+03	 6.49755E+03	 7.79368E+03	 7.62272E+03	 6.80285E+03	 7.06300E+03	 6.87355E+03	 6.16452E+03	 5.66012E+03	 5.54683E+03	 5.84690E+03	 7.42664E+03	 8.14265E+03
 9.01935E+03	 8.37873E+03	 7.75917E+03	 7.80457E+03	 7.86203E+03	 8.68421E+03	 8.91327E+03	 9.09835E+03	 9.16213E+03	 9.39341E+03	 9.77357E+03	 9.71615E+03	 9.84426E+03	 9.01400E+03	 9.90015E+03	 1.11456E+04	 1.09987E+04	 1.04947E+04	 1.12779E+04	 1.05853E+04	 8.85371E+03	 7.14529E+03	 6.98075E+03	 6.96811E+03	 7.04339E+03	 6.25997E+03	 6.29252E+03	 6.62579E+03	 6.98138E+03	 7.17336E+03	 7.78859E+03	 7.25960E+03	 7.20762E+03	 6.70429E+03	 6.77259E+03	 8.17269E+03	 8.29368E+03	 8.04405E+03	 6.74606E+03	 6.39460E+03	 6.33896E+03	 7.30627E+03	 7.42757E+03	 6.58578E+03	 5.83758E+03	 5.75287E+03	 7.19509E+03	 7.35522E+03	 6.39790E+03	 7.03975E+03	 8.70316E+03	 8.53452E+03	 7.45352E+03	 6.47892E+03	 6.22343E+03	 6.42199E+03	 6.51337E+03	 6.36976E+03	 6.37767E+03	 6.22465E+03	 6.63171E+03
 9.02447E+03	 7.90339E+03	 7.87946E+03	 8.39445E+03	 9.69701E+03	 1.06456E+04	 1.18431E+04	 1.29608E+04	 1.24139E+04	 1.15208E+04	 1.20076E+04	 1.17300E+04	 1.11748E+04	 1.06000E+04	 1.21924E+04	 1.15135E+04	 1.06223E+04	 1.06906E+04	 1.03399E+04	 9.87853E+03	 9.31276E+03	 8.58995E+03	 6.97933E+03	 7.29032E+03	 7.23049E+03	 5.94205E+03	 5.04248E+03	 5.93001E+03	 7.32068E+03	 7.10455E+03	 6.79299E+03	 6.89075E+03	 7.05159E+03	 6.93816E+03	 7.60317E+03	 7.69097E+03	 8.00298E+03	 7.49878E+03	 6.63544E+03	 7.10346E+03	 7.27062E+03	 7.16907E+03	 7.64841E+03	 7.26308E+03	 6.33656E+03	 6.04615E+03	 6.30280E+03	 7.48588E+03	 6.99529E+03	 6.04210E+03	 6.22955E+03	 7.15698E+03	 7.42730E+03	 7.43935E+03	 7.43626E+03	 7.31776E+03	 7.11027E+03	 6.54149E+03	 6.20516E+03	 6.93081E+03	 7.77768E+03
 9.18760E+03	 9.55403E+03	 1.00794E+04	 1.06543E+04	 1.20189E+04	 1.32357E+04	 1.43544E+04	 1.23363E+04	 1.09995E+04	 1.12243E+04	 9.74054E+03	 1.03065E+04	 1.05108E+04	 1.05202E+04	 1.20826E+04	 1.08541E+04	 1.07804E+04	 1.08222E+04	 1.07238E+04	 9.23621E+03	 9.19330E+03	 9.77172E+03	 8.22998E+03	 7.41763E+03	 7.23656E+03	 5.71375E+03	 5.49031E+03	 6.40631E+03	 8.03298E+03	 8.19545E+03	 7.32868E+03	 7.05889E+03	 7.02697E+03	 6.69359E+03	 6.32187E+03	 6.68924E+03	 7.02743E+03	 6.86973E+03	 7.51028E+03	 7.78992E+03	 7.36926E+03	 7.34845E+03	 6.93087E+03	 5.83540E+03	 5.49685E+03	 5.64940E+03	 6.17871E+03	 6.92860E+03	 6.48026E+03	 6.23828E+03	 6.18314E+03	 6.35495E+03	 6.42559E+03	 6.27354E+03	 6.54233E+03	 6.84466E+03	 6.94651E+03	 7.37261E+03	 7.59242E+03	 6.87216E+03	 6.18862E+03
 9.64014E+03	 9.17387E+03	 1.00773E+04	 1.21387E+04	 1.17844E+04	 1.11369E+04	 1.03918E+04	 9.81314E+03	 9.33133E+03	 9.86584E+03	 9.03512E+03	 1.02920E+04	 1.06819E+04	 1.04583E+04	 1.08203E+04	 1.23013E+04	 1.09961E+04	 1.00423E+04	 9.82759E+03	 9.14500E+03	 8.98703E+03	 9.27284E+03	 1.01425E+04	 9.71517E+03	 7.90465E+03	 6.80702E+03	 5.56261E+03	 6.63182E+03	 8.48915E+03	 7.84995E+03	 7.80204E+03	 8.37644E+03	 7.89195E+03	 6.62416E+03	 6.05609E+03	 5.87887E+03	 5.35525E+03	 5.98078E+03	 6.17528E+03	 7.23569E+03	 7.63272E+03	 7.61257E+03	 7.52464E+03	 7.01739E+03	 6.17241E+03	 5.42871E+03	 6.05605E+03	 5.96198E+03	 5.29431E+03	 5.18164E+03	 5.89489E+03	 6.36853E+03	 5.84201E+03	 5.97903E+03	 6.37326E+03	 6.67140E+03	 7.40187E+03	 8.22326E+03	 8.43494E+03	 7.11106E+03	 6.04518E+03
 9.67114E+03	 9.50479E+03	 1.12157E+04	 1.20690E+04	 1.16785E+04	 1.16901E+04	 9.62975E+03	 8.80931E+03	 9.03450E+03	 1.06622E+04	 1.13851E+04	 1.15784E+04	 1.10847E+04	 1.22747E+04	 1.05806E+04	 9.80289E+03	 9.19417E+03	 8.87684E+03	 8.49989E+03	 8.12449E+03	 8.84446E+03	 8.50663E+03	 9.29001E+03	 7.99679E+03	 6.99968E+03	 6.27045E+03	 6.59603E+03	 7.22523E+03	 7.70256E+03	 7.44293E+03	 7.04875E+03	 7.41882E+03	 6.44657E+03	 6.98403E+03	 6.80318E+03	 6.37054E+03	 6.52013E+03	 6.33501E+03	 6.12588E+03	 6.78177E+03	 6.99321E+03	 6.84128E+03	 7.84000E+03	 7.90487E+03	 7.64895E+03	 6.67914E+03	 6.17485E+03	 6.18116E+03	 6.40261E+03	 5.74559E+03	 5.29504E+03	 5.66920E+03	 6.20347E+03	 6.29435E+03	 5.34609E+03	 5.50693E+03	 6.72191E+03	 8.15812E+03	 7.79792E+03	 7.11169E+03	 7.59335E+03
 1.10979E+04	 1.15362E+04	 1.14718E+04	 1.02041E+04	 9.95861E+03	 1.00192E+04	 9.30584E+03	 9.01684E+03	 9.21045E+03	 1.17610E+04	 1.16972E+04	 1.05936E+04	 9.33120E+03	 1.03482E+04	 8.05564E+03	 7.11493E+03	 6.77121E+03	 8.51629E+03	 8.71722E+03	 7.90179E+03	 7.61314E+03	 8.24872E+03	 7.19528E+03	 7.82516E+03	 7.50361E+03	 8.23996E+03	 8.08214E+03	 8.23190E+03	 8.65162E+03	 6.32188E+03	 6.16761E+03	 5.36392E+03	 6.50163E+03	 7.60694E+03	 7.86408E+03	 7.60548E+03	 8.06913E+03	 7.27307E+03	 6.67474E+03	 6.01937E+03	 7.08662E+03	 7.97295E+03	 7.84775E+03	 7.52889E+03	 7.09610E+03	 5.21042E+03	 5.41651E+03	 4.80931E+03	 6.03293E+03	 6.17104E+03	 6.13037E+03	 5.57445E+03	 5.92134E+03	 5.83888E+03	 5.73126E+03	 5.21791E+03	 6.18088E+03	 7.95655E+03	 6.87783E+03	 6.99546E+03	 7.53374E+03
 1.10205E+04	 1.12126E+04	 1.13199E+04	 1.00994E+04	 8.14329E+03	 1.01621E+04	 1.00402E+04	 9.37003E+03	 8.73395E+03	 9.30744E+03	 7.78264E+03	 7.29678E+03	 6.59465E+03	 6.61077E+03	 6.99481E+03	 6.90962E+03	 7.17432E+03	 8.33074E+03	 8.37857E+03	 8.27818E+03	 6.84883E+03	 6.78762E+03	 5.57839E+03	 6.13642E+03	 6.63267E+03	 7.70639E+03	 8.17644E+03	 7.81611E+03	 7.43864E+03	 6.66744E+03	 5.83529E+03	 5.52349E+03	 5.94849E+03	 7.99789E+03	 7.97393E+03	 6.74605E+03	 8.68069E+03	 8.68226E+03	 7.42543E+03	 7.88521E+03	 8.32830E+03	 8.11361E+03	 8.12690E+03	 8.24963E+03	 6.61169E+03	 4.98447E+03	 3.94641E+03	 4.83196E+03	 6.54213E+03	 6.83425E+03	 5.46957E+03	 5.33833E+03	 5.95379E+03	 7.54161E+03	 7.41233E+03	 6.58501E+03	 6.52542E+03	 7.83214E+03	 7.37707E+03	 7.09414E+03	 8.08159E+03
 1.09059E+04	 1.07778E+04	 1.12663E+04	 1.03242E+04	 8.86928E+03	 7.78423E+03	 7.34556E+03	 7.86851E+03	 8.04536E+03	 7.20527E+03	 6.78256E+03	 6.33275E+03	 6.33718E+03	 5.67543E+03	 6.97445E+03	 6.52484E+03	 6.89031E+03	 8.04396E+03	 8.76038E+03	 8.82381E+03	 8.11813E+03	 6.67815E+03	 5.88465E+03	 5.79092E+03	 5.93501E+03	 6.34726E+03	 6.41585E+03	 6.13690E+03	 6.45037E+03	 6.87716E+03	 7.34460E+03	 6.44299E+03	 6.76734E+03	 7.83794E+03	 8.71810E+03	 7.93909E+03	 8.41671E+03	 8.13095E+03	 7.71117E+03	 7.50293E+03	 7.31439E+03	 8.20920E+03	 8.15823E+03	 7.74025E+03	 7.25958E+03	 5.81424E+03	 5.82801E+03	 6.22762E+03	 6.93716E+03	 6.54873E+03	 6.72004E+03	 6.37416E+03	 5.25688E+03	 6.00922E+03	 5.88908E+03	 6.03582E+03	 7.34711E+03	 7.53739E+03	 7.33589E+03	 7.12103E+03	 7.63521E+03
 9.96701E+03	 1.00414E+04	 1.00886E+04	 8.45490E+03	 8.26707E+03	 7.87664E+03	 8.02383E+03	 8.94531E+03	 8.28315E+03	 8.27977E+03	 7.98965E+03	 7.76274E+03	 8.41133E+03	 7.34280E+03	 8.23982E+03	 9.98541E+03	 9.53079E+03	 9.53094E+03	 9.30769E+03	 9.00738E+03	 8.07773E+03	 5.94179E+03	 5.33297E+03	 5.38667E+03	 5.82955E+03	 6.00106E+03	 5.73565E+03	 5.50635E+03	 5.84096E+03	 7.14448E+03	 7.83644E+03	 8.13083E+03	 8.36804E+03	 9.36321E+03	 8.61187E+03	 8.43809E+03	 9.40498E+03	 8.58194E+03	 7.52283E+03	 7.29736E+03	 7.13441E+03	 8.00405E+03	 7.39974E+03	 6.97122E+03	 6.74313E+03	 6.69828E+03	 6.85567E+03	 7.17135E+03	 6.50507E+03	 7.36139E+03	 7.19567E+03	 6.33778E+03	 5.98736E+03	 5.45097E+03	 6.33838E+03	 7.40479E+03	 8.48977E+03	 8.02156E+03	 7.98992E+03	 7.13719E+03	 7.12747E+03
