//Exported ASCII-File
[Header]
FileName = C:\Users\reoml\Desktop\Mestrado\mapa raman\novas medidas\Medidas Raman - Rafael\Medidas Raman - Rafael\GO em substrato metalico (1.0 sem e 0.1 com EDA) - Rafael.WIP
ImageName = Scan_004_Spec.Data 1_F: Min & Max -> Maximum [1494.6 rel. 1/cm -> 1681.3 rel. 1/cm]
PointsPerLine = 61
LinesPerImage = 61
ScanUnit = µm
ScanWidth = 30
ScanHeight = 30
ScanOriginX = -0.751999974250793
ScanOriginY = 0.504000008106232
ScanOriginZ = 0
DataUnit = CCD cts
[Data]
 5.34475E+03	 6.03605E+03	 6.05469E+03	 5.73963E+03	 6.10265E+03	 5.59396E+03	 5.30888E+03	 5.11441E+03	 5.96790E+03	 7.44131E+03	 7.66096E+03	 6.76122E+03	 8.13413E+03	 6.37626E+03	 5.06433E+03	 5.08117E+03	 7.52850E+03	 8.64451E+03	 7.79287E+03	 7.68259E+03	 8.43953E+03	 8.76123E+03	 7.98365E+03	 7.23460E+03	 7.68776E+03	 6.61045E+03	 5.90040E+03	 5.91168E+03	 6.10322E+03	 5.82933E+03	 4.69728E+03	 4.46288E+03	 4.63686E+03	 5.48864E+03	 5.77955E+03	 5.21793E+03	 4.85603E+03	 5.44485E+03	 5.97559E+03	 5.15232E+03	 4.89855E+03	 5.41945E+03	 6.21600E+03	 6.42244E+03	 6.61330E+03	 4.64506E+03	 5.07911E+03	 5.54976E+03	 5.99627E+03	 8.78756E+03	 6.76039E+03	 5.69033E+03	 5.22386E+03	 5.07763E+03	 5.58135E+03	 4.79934E+03	 4.85165E+03	 4.92892E+03	 5.62042E+03	 7.78449E+03	 8.32331E+03
 7.85479E+03	 7.18158E+03	 7.01847E+03	 6.53661E+03	 5.59020E+03	 6.16128E+03	 7.17938E+03	 5.43359E+03	 4.60460E+03	 5.02725E+03	 7.51789E+03	 7.91528E+03	 9.34210E+03	 8.99235E+03	 6.71055E+03	 6.66800E+03	 9.95038E+03	 1.10312E+04	 1.02689E+04	 8.64307E+03	 9.25225E+03	 9.79099E+03	 9.54305E+03	 8.62136E+03	 7.58256E+03	 6.63567E+03	 6.52236E+03	 6.04035E+03	 6.71285E+03	 6.58150E+03	 5.76800E+03	 5.08729E+03	 5.62632E+03	 6.80302E+03	 7.00550E+03	 5.74172E+03	 5.81397E+03	 6.47035E+03	 6.38427E+03	 6.09268E+03	 6.04807E+03	 6.46206E+03	 6.38369E+03	 5.73215E+03	 5.91864E+03	 5.16735E+03	 4.99497E+03	 5.40374E+03	 5.59107E+03	 7.57136E+03	 7.70309E+03	 5.95902E+03	 4.97653E+03	 6.87124E+03	 6.79487E+03	 5.95980E+03	 5.96918E+03	 4.98675E+03	 5.95249E+03	 5.98062E+03	 9.40438E+03
 5.06499E+03	 5.01637E+03	 4.97227E+03	 5.73624E+03	 6.27391E+03	 6.71924E+03	 7.13633E+03	 7.08294E+03	 6.03442E+03	 5.53827E+03	 5.65114E+03	 5.67070E+03	 6.70054E+03	 8.03186E+03	 8.00676E+03	 6.58717E+03	 6.91260E+03	 8.47109E+03	 9.85881E+03	 8.51257E+03	 7.83080E+03	 7.26886E+03	 6.06525E+03	 5.30610E+03	 5.67013E+03	 5.67013E+03	 6.52357E+03	 7.41715E+03	 7.98413E+03	 7.18475E+03	 6.96260E+03	 6.84403E+03	 6.80590E+03	 7.44554E+03	 8.32367E+03	 8.14388E+03	 8.36442E+03	 7.64396E+03	 7.71058E+03	 7.96610E+03	 7.68356E+03	 7.24794E+03	 5.45852E+03	 4.52403E+03	 4.33909E+03	 6.11112E+03	 6.57585E+03	 6.08437E+03	 6.59956E+03	 7.94250E+03	 7.89702E+03	 6.01562E+03	 5.62538E+03	 5.79696E+03	 6.71374E+03	 5.96394E+03	 5.34806E+03	 4.34397E+03	 4.21598E+03	 4.31108E+03	 6.16121E+03
 5.23198E+03	 4.99545E+03	 5.18714E+03	 5.35280E+03	 6.85681E+03	 8.25462E+03	 8.31871E+03	 7.43365E+03	 6.25758E+03	 5.36367E+03	 6.21660E+03	 6.66675E+03	 7.52019E+03	 7.13224E+03	 6.38730E+03	 5.10852E+03	 4.23870E+03	 5.02320E+03	 6.24868E+03	 7.05162E+03	 6.84270E+03	 5.62323E+03	 5.23671E+03	 5.10861E+03	 4.86094E+03	 4.93711E+03	 5.83198E+03	 6.39969E+03	 6.70483E+03	 6.89134E+03	 7.58709E+03	 7.67618E+03	 7.90255E+03	 8.07226E+03	 7.96441E+03	 8.49515E+03	 9.68000E+03	 1.03758E+04	 9.05960E+03	 9.51431E+03	 9.68390E+03	 8.88976E+03	 7.56985E+03	 5.62016E+03	 4.46278E+03	 5.42487E+03	 6.44362E+03	 5.76884E+03	 6.19816E+03	 8.41977E+03	 9.37535E+03	 9.13222E+03	 8.47716E+03	 7.20086E+03	 7.00468E+03	 7.04641E+03	 6.96220E+03	 5.36450E+03	 5.71674E+03	 6.13200E+03	 6.70760E+03
 6.16345E+03	 6.69784E+03	 7.25228E+03	 8.23052E+03	 9.82831E+03	 9.12982E+03	 8.71910E+03	 8.20509E+03	 6.87245E+03	 6.72378E+03	 6.75601E+03	 6.84949E+03	 6.57363E+03	 6.23668E+03	 6.22846E+03	 5.87859E+03	 5.25356E+03	 4.94503E+03	 5.91083E+03	 6.62543E+03	 6.25517E+03	 7.03797E+03	 7.39640E+03	 7.76000E+03	 7.51641E+03	 6.88116E+03	 6.49597E+03	 6.47765E+03	 6.89788E+03	 7.65313E+03	 8.73967E+03	 9.01463E+03	 8.63863E+03	 7.92443E+03	 8.65962E+03	 9.24757E+03	 9.31274E+03	 8.46659E+03	 8.76949E+03	 8.51181E+03	 7.02309E+03	 6.94620E+03	 6.35337E+03	 5.37248E+03	 4.83562E+03	 5.08086E+03	 5.90029E+03	 6.75622E+03	 7.25878E+03	 7.79880E+03	 8.22926E+03	 8.47325E+03	 8.25186E+03	 7.54302E+03	 7.48356E+03	 7.65951E+03	 7.44617E+03	 6.57880E+03	 7.06737E+03	 7.20931E+03	 6.93214E+03
 6.90389E+03	 7.10900E+03	 7.80853E+03	 9.08487E+03	 9.32562E+03	 9.98621E+03	 9.97219E+03	 9.45406E+03	 8.93899E+03	 8.81808E+03	 7.88253E+03	 7.38651E+03	 6.90288E+03	 6.81137E+03	 6.61396E+03	 6.91564E+03	 7.58989E+03	 7.14401E+03	 6.35188E+03	 5.55298E+03	 5.59444E+03	 5.40232E+03	 5.54304E+03	 6.90563E+03	 7.97626E+03	 7.77445E+03	 7.58970E+03	 7.17229E+03	 7.36421E+03	 7.08676E+03	 7.31647E+03	 9.86831E+03	 1.05513E+04	 9.43077E+03	 8.54534E+03	 9.30423E+03	 9.41019E+03	 8.64894E+03	 8.07933E+03	 8.10041E+03	 7.53173E+03	 6.43018E+03	 5.88080E+03	 5.60896E+03	 5.56423E+03	 6.22551E+03	 6.25356E+03	 6.55282E+03	 9.11560E+03	 9.10980E+03	 8.66103E+03	 8.00137E+03	 7.84110E+03	 7.72875E+03	 7.31855E+03	 7.32199E+03	 7.74229E+03	 7.99194E+03	 7.42977E+03	 6.69742E+03	 7.60697E+03
 7.08450E+03	 7.44821E+03	 7.45677E+03	 8.02677E+03	 8.87641E+03	 9.15131E+03	 9.20872E+03	 9.22077E+03	 9.31772E+03	 8.69086E+03	 8.41202E+03	 8.02220E+03	 6.88092E+03	 6.62688E+03	 6.86254E+03	 7.30399E+03	 7.87321E+03	 8.13194E+03	 7.75024E+03	 7.42266E+03	 6.36172E+03	 6.39582E+03	 5.79924E+03	 5.77770E+03	 5.40236E+03	 5.71684E+03	 6.43827E+03	 6.76329E+03	 7.32736E+03	 7.12735E+03	 8.29641E+03	 8.97546E+03	 8.90962E+03	 9.65031E+03	 9.42807E+03	 8.58142E+03	 9.07942E+03	 9.01114E+03	 8.18323E+03	 7.87006E+03	 8.03349E+03	 7.31477E+03	 6.19035E+03	 5.62601E+03	 5.45913E+03	 5.34864E+03	 5.78475E+03	 6.83877E+03	 6.84394E+03	 7.68816E+03	 7.69622E+03	 8.54191E+03	 8.34760E+03	 7.65517E+03	 7.73921E+03	 7.59395E+03	 8.50890E+03	 8.99211E+03	 8.45142E+03	 7.83392E+03	 7.75588E+03
 8.57562E+03	 8.44407E+03	 7.67980E+03	 7.53760E+03	 7.41625E+03	 8.26060E+03	 9.05312E+03	 7.82756E+03	 7.46305E+03	 7.36463E+03	 7.21565E+03	 6.45913E+03	 6.54604E+03	 6.47145E+03	 6.78557E+03	 7.19908E+03	 7.83744E+03	 8.00574E+03	 7.60806E+03	 7.24473E+03	 6.79446E+03	 6.59722E+03	 6.00966E+03	 5.62359E+03	 5.03476E+03	 5.72729E+03	 6.32278E+03	 6.37093E+03	 7.49893E+03	 8.36966E+03	 9.20378E+03	 1.04971E+04	 1.08904E+04	 1.04930E+04	 9.75725E+03	 9.70289E+03	 1.02253E+04	 9.51226E+03	 8.63262E+03	 8.26372E+03	 8.55297E+03	 8.61250E+03	 7.61197E+03	 6.85354E+03	 7.13922E+03	 6.36324E+03	 6.26927E+03	 6.38876E+03	 6.99406E+03	 6.76176E+03	 7.54177E+03	 9.05812E+03	 9.07269E+03	 7.74574E+03	 6.27585E+03	 6.53849E+03	 7.61405E+03	 7.83905E+03	 7.56665E+03	 7.65358E+03	 8.41900E+03
 9.22366E+03	 8.02993E+03	 6.93989E+03	 7.05662E+03	 6.90411E+03	 6.61570E+03	 6.73108E+03	 7.31405E+03	 7.67442E+03	 6.87798E+03	 6.31479E+03	 5.92017E+03	 6.21306E+03	 6.84903E+03	 7.06317E+03	 7.45752E+03	 8.05710E+03	 7.61823E+03	 7.48938E+03	 7.81852E+03	 7.17193E+03	 7.10730E+03	 6.89979E+03	 5.89481E+03	 5.69479E+03	 5.77799E+03	 6.45608E+03	 7.59238E+03	 8.00798E+03	 8.24465E+03	 8.63442E+03	 9.57714E+03	 1.02649E+04	 1.06797E+04	 9.41410E+03	 9.06935E+03	 9.12165E+03	 8.73273E+03	 8.41343E+03	 8.64355E+03	 8.74959E+03	 8.71093E+03	 8.18409E+03	 7.77038E+03	 7.40551E+03	 6.96229E+03	 7.35722E+03	 6.66886E+03	 6.47337E+03	 7.19826E+03	 7.24399E+03	 7.70857E+03	 8.84483E+03	 8.64656E+03	 7.37415E+03	 6.87690E+03	 7.22535E+03	 7.71197E+03	 7.01714E+03	 8.26408E+03	 9.57113E+03
 9.73248E+03	 8.97122E+03	 7.51866E+03	 6.64619E+03	 6.33947E+03	 6.25979E+03	 6.09431E+03	 6.76504E+03	 6.94436E+03	 6.98278E+03	 7.15825E+03	 6.39033E+03	 6.49831E+03	 6.21955E+03	 6.28916E+03	 6.31838E+03	 5.39680E+03	 4.64511E+03	 4.90271E+03	 6.47325E+03	 7.20696E+03	 6.92002E+03	 6.35110E+03	 5.72348E+03	 5.41775E+03	 5.50830E+03	 6.89032E+03	 7.40708E+03	 7.46839E+03	 8.48570E+03	 9.09962E+03	 9.57805E+03	 9.39391E+03	 9.92402E+03	 9.70284E+03	 9.56391E+03	 8.66381E+03	 7.33196E+03	 8.03427E+03	 8.51334E+03	 8.51387E+03	 8.08289E+03	 7.98114E+03	 7.79352E+03	 7.46855E+03	 6.86398E+03	 6.69474E+03	 6.74245E+03	 7.23493E+03	 7.19543E+03	 7.52867E+03	 6.99168E+03	 7.77494E+03	 7.87208E+03	 7.26162E+03	 6.73962E+03	 6.93305E+03	 7.41789E+03	 8.23834E+03	 8.81997E+03	 9.30176E+03
 9.10645E+03	 8.52366E+03	 6.68346E+03	 5.96825E+03	 5.94740E+03	 5.98250E+03	 6.44316E+03	 7.33290E+03	 8.22881E+03	 7.47982E+03	 6.69342E+03	 6.60265E+03	 6.85535E+03	 7.14653E+03	 6.95627E+03	 5.87298E+03	 5.33097E+03	 4.95009E+03	 5.11166E+03	 6.21109E+03	 7.05696E+03	 7.78760E+03	 8.00786E+03	 7.07228E+03	 5.85633E+03	 6.38188E+03	 6.83064E+03	 7.31739E+03	 6.81057E+03	 7.63408E+03	 8.10455E+03	 7.54513E+03	 7.53788E+03	 7.75381E+03	 7.69281E+03	 7.67007E+03	 6.85273E+03	 5.64309E+03	 5.86559E+03	 6.81962E+03	 7.29520E+03	 7.25209E+03	 7.01370E+03	 7.28522E+03	 7.04963E+03	 7.17246E+03	 7.19336E+03	 7.61975E+03	 7.01495E+03	 6.38269E+03	 5.84166E+03	 6.01982E+03	 6.68467E+03	 6.84202E+03	 6.69015E+03	 6.82360E+03	 8.48505E+03	 8.88953E+03	 8.20428E+03	 9.16602E+03	 9.25058E+03
 7.88406E+03	 7.47883E+03	 6.57696E+03	 6.23867E+03	 6.06342E+03	 6.31443E+03	 6.35960E+03	 7.03600E+03	 7.40854E+03	 8.45655E+03	 8.55479E+03	 6.76733E+03	 6.37069E+03	 6.06502E+03	 6.16532E+03	 6.60239E+03	 6.05520E+03	 5.93372E+03	 6.14813E+03	 6.23435E+03	 6.79388E+03	 7.74319E+03	 8.14678E+03	 8.04999E+03	 7.68354E+03	 7.39603E+03	 6.81880E+03	 6.07822E+03	 6.29455E+03	 6.90425E+03	 6.71407E+03	 6.16972E+03	 6.06123E+03	 6.61863E+03	 6.55975E+03	 6.66680E+03	 6.81160E+03	 6.74151E+03	 6.56856E+03	 6.14685E+03	 6.59346E+03	 7.60891E+03	 7.76746E+03	 7.61266E+03	 7.64930E+03	 7.08321E+03	 6.94444E+03	 6.86104E+03	 6.92729E+03	 5.55957E+03	 4.70051E+03	 4.68423E+03	 4.93761E+03	 4.72306E+03	 5.73265E+03	 6.90325E+03	 6.94049E+03	 6.36727E+03	 6.27525E+03	 6.94393E+03	 6.82665E+03
 6.83789E+03	 5.97240E+03	 5.38894E+03	 5.06243E+03	 5.33399E+03	 5.56022E+03	 5.98838E+03	 6.34137E+03	 6.11178E+03	 6.65304E+03	 7.16119E+03	 7.31531E+03	 6.30735E+03	 6.05792E+03	 6.09580E+03	 6.46597E+03	 6.37221E+03	 6.28956E+03	 6.41828E+03	 6.79842E+03	 6.93433E+03	 6.95034E+03	 8.01707E+03	 8.23009E+03	 7.89356E+03	 7.81298E+03	 7.59963E+03	 6.63735E+03	 6.41378E+03	 6.34970E+03	 5.79605E+03	 5.60381E+03	 5.91552E+03	 5.94758E+03	 5.75208E+03	 5.99451E+03	 5.96499E+03	 6.32083E+03	 6.25853E+03	 6.30855E+03	 6.76679E+03	 6.95193E+03	 6.67628E+03	 7.22308E+03	 8.11069E+03	 7.56684E+03	 6.89136E+03	 6.79197E+03	 6.27561E+03	 5.22958E+03	 4.92081E+03	 4.09809E+03	 4.00053E+03	 4.78505E+03	 5.61875E+03	 6.48016E+03	 6.73586E+03	 6.76364E+03	 6.36659E+03	 5.90182E+03	 6.10778E+03
 5.36353E+03	 5.86344E+03	 5.22303E+03	 4.77457E+03	 4.77630E+03	 5.21460E+03	 5.76820E+03	 5.61546E+03	 6.13422E+03	 7.44765E+03	 7.99771E+03	 6.41862E+03	 6.20350E+03	 6.31858E+03	 6.19144E+03	 6.68234E+03	 6.50424E+03	 6.41200E+03	 7.14932E+03	 7.08524E+03	 7.15948E+03	 8.00984E+03	 8.29393E+03	 7.81051E+03	 7.67285E+03	 7.68285E+03	 8.07032E+03	 8.24626E+03	 7.05421E+03	 5.84024E+03	 5.20211E+03	 5.38369E+03	 5.74968E+03	 6.04274E+03	 5.10552E+03	 5.07434E+03	 5.42109E+03	 5.24805E+03	 5.22979E+03	 5.90198E+03	 6.65626E+03	 7.34143E+03	 7.20729E+03	 7.02335E+03	 7.55541E+03	 7.42959E+03	 6.92866E+03	 6.76817E+03	 5.70848E+03	 4.83765E+03	 4.05024E+03	 3.73827E+03	 4.36266E+03	 5.58742E+03	 6.76253E+03	 6.65636E+03	 6.40274E+03	 6.80030E+03	 6.77611E+03	 6.01143E+03	 5.62198E+03
 4.85523E+03	 4.58168E+03	 4.38102E+03	 4.59984E+03	 4.74422E+03	 4.31719E+03	 4.50575E+03	 5.53616E+03	 6.51828E+03	 7.03383E+03	 6.67273E+03	 5.85823E+03	 5.08104E+03	 5.41348E+03	 5.80493E+03	 6.25704E+03	 6.85194E+03	 7.78135E+03	 7.44870E+03	 6.61548E+03	 7.36230E+03	 7.67090E+03	 8.43299E+03	 8.09602E+03	 7.35152E+03	 7.32884E+03	 7.56318E+03	 7.58175E+03	 6.35168E+03	 5.75211E+03	 5.37412E+03	 5.34019E+03	 5.13313E+03	 4.82309E+03	 5.30436E+03	 5.79935E+03	 5.61964E+03	 4.71991E+03	 5.03098E+03	 5.40967E+03	 5.75861E+03	 6.16587E+03	 6.38726E+03	 6.49098E+03	 6.44077E+03	 6.61592E+03	 7.00098E+03	 6.45871E+03	 5.96006E+03	 4.63978E+03	 3.69843E+03	 3.89062E+03	 4.47952E+03	 5.27572E+03	 6.20438E+03	 5.90886E+03	 5.99760E+03	 6.78584E+03	 6.85355E+03	 6.10677E+03	 5.92019E+03
 4.02232E+03	 4.14910E+03	 4.06630E+03	 4.20569E+03	 3.92955E+03	 3.81456E+03	 3.65358E+03	 3.77711E+03	 4.91152E+03	 4.52533E+03	 4.49435E+03	 4.51399E+03	 4.53345E+03	 4.87726E+03	 5.63689E+03	 6.58625E+03	 6.41194E+03	 7.00284E+03	 6.45107E+03	 6.14716E+03	 7.23008E+03	 8.06266E+03	 8.12449E+03	 7.95102E+03	 6.77576E+03	 7.54100E+03	 7.40424E+03	 6.38141E+03	 6.38110E+03	 5.86307E+03	 5.73030E+03	 5.58199E+03	 5.32614E+03	 4.45146E+03	 4.96995E+03	 5.51782E+03	 5.96215E+03	 5.09536E+03	 5.21603E+03	 5.61700E+03	 6.01023E+03	 5.73500E+03	 5.53668E+03	 6.22153E+03	 6.42561E+03	 6.56053E+03	 6.51932E+03	 6.10266E+03	 5.93946E+03	 4.74833E+03	 4.08155E+03	 4.38113E+03	 4.70894E+03	 5.53477E+03	 5.32330E+03	 5.51118E+03	 6.00272E+03	 6.65697E+03	 6.37997E+03	 6.01140E+03	 6.06449E+03
 4.20246E+03	 4.46810E+03	 4.72587E+03	 4.06375E+03	 3.80783E+03	 3.99449E+03	 3.97002E+03	 3.69302E+03	 3.78793E+03	 3.59198E+03	 4.24758E+03	 4.78638E+03	 4.99616E+03	 5.47377E+03	 6.34593E+03	 6.58148E+03	 6.61908E+03	 6.33721E+03	 6.23505E+03	 5.47257E+03	 5.92359E+03	 6.13716E+03	 5.84548E+03	 6.21521E+03	 6.75152E+03	 6.33286E+03	 6.39299E+03	 5.94184E+03	 6.13022E+03	 5.88349E+03	 5.77009E+03	 5.60951E+03	 5.32067E+03	 4.38073E+03	 4.75118E+03	 5.19906E+03	 5.59821E+03	 4.86810E+03	 5.17687E+03	 6.23297E+03	 6.44715E+03	 5.61307E+03	 4.71430E+03	 5.43533E+03	 5.15539E+03	 5.72429E+03	 5.60438E+03	 5.59252E+03	 3.99114E+03	 3.57277E+03	 4.68517E+03	 5.70474E+03	 5.41509E+03	 5.62892E+03	 6.99434E+03	 6.98400E+03	 7.06783E+03	 6.02802E+03	 5.92885E+03	 5.57593E+03	 4.86784E+03
 4.41246E+03	 4.78090E+03	 4.39539E+03	 4.38242E+03	 3.99352E+03	 4.12641E+03	 3.77328E+03	 4.42702E+03	 3.70389E+03	 3.63872E+03	 4.75746E+03	 5.25368E+03	 4.95191E+03	 5.23200E+03	 5.83123E+03	 6.21653E+03	 5.94157E+03	 5.66776E+03	 6.22773E+03	 6.49087E+03	 5.68614E+03	 4.86544E+03	 4.82678E+03	 5.49677E+03	 6.72282E+03	 6.75057E+03	 7.10245E+03	 7.03230E+03	 7.47307E+03	 6.89617E+03	 6.19368E+03	 5.36293E+03	 5.11149E+03	 5.30021E+03	 4.95029E+03	 5.76524E+03	 6.01129E+03	 5.81396E+03	 5.67622E+03	 5.57614E+03	 5.49785E+03	 5.92519E+03	 6.15511E+03	 5.66579E+03	 5.21522E+03	 4.11049E+03	 4.08455E+03	 4.06959E+03	 3.06466E+03	 3.43706E+03	 4.43583E+03	 4.89989E+03	 5.54130E+03	 6.77350E+03	 6.58121E+03	 5.79001E+03	 5.75042E+03	 5.05979E+03	 4.70639E+03	 5.30035E+03	 5.19876E+03
 5.93292E+03	 4.71194E+03	 4.54082E+03	 4.03250E+03	 4.65685E+03	 4.51456E+03	 3.72351E+03	 4.20129E+03	 4.29205E+03	 4.60702E+03	 5.32104E+03	 4.89907E+03	 4.86458E+03	 4.90186E+03	 5.16622E+03	 5.78169E+03	 5.58031E+03	 5.39015E+03	 6.43557E+03	 5.76355E+03	 4.93136E+03	 3.76296E+03	 4.40411E+03	 5.70721E+03	 6.42869E+03	 7.66903E+03	 8.85491E+03	 8.06069E+03	 7.27970E+03	 6.79374E+03	 5.93036E+03	 6.06833E+03	 6.26398E+03	 6.45217E+03	 5.82055E+03	 6.29438E+03	 6.30989E+03	 6.82062E+03	 6.32985E+03	 5.88175E+03	 6.03436E+03	 6.06136E+03	 5.90003E+03	 6.39089E+03	 5.60976E+03	 4.51611E+03	 3.64260E+03	 2.61195E+03	 2.86016E+03	 3.90522E+03	 5.31430E+03	 5.72527E+03	 6.33199E+03	 6.60162E+03	 6.25190E+03	 5.75032E+03	 5.23485E+03	 4.45768E+03	 3.94265E+03	 4.06889E+03	 3.39858E+03
 4.51075E+03	 4.31144E+03	 4.24737E+03	 4.05070E+03	 4.82068E+03	 4.52366E+03	 3.40330E+03	 3.64082E+03	 4.01078E+03	 5.33661E+03	 4.93288E+03	 4.88943E+03	 4.74388E+03	 5.10640E+03	 5.12454E+03	 4.62638E+03	 5.09086E+03	 4.32667E+03	 4.41237E+03	 3.91717E+03	 4.15390E+03	 4.24986E+03	 4.22078E+03	 4.95476E+03	 6.87291E+03	 7.69166E+03	 8.51531E+03	 7.79915E+03	 6.21135E+03	 6.35557E+03	 5.74367E+03	 6.25469E+03	 6.40327E+03	 6.06000E+03	 5.46404E+03	 5.73215E+03	 7.07550E+03	 7.30742E+03	 6.10541E+03	 6.25055E+03	 6.43877E+03	 6.79999E+03	 6.12474E+03	 5.99052E+03	 5.19393E+03	 4.66409E+03	 4.70970E+03	 4.30126E+03	 4.14252E+03	 5.65122E+03	 6.22664E+03	 6.13789E+03	 6.35840E+03	 6.66102E+03	 7.12387E+03	 7.13415E+03	 6.10105E+03	 6.47417E+03	 4.21548E+03	 3.48585E+03	 3.33308E+03
 2.95537E+03	 3.69258E+03	 4.99905E+03	 5.14716E+03	 4.53670E+03	 3.94513E+03	 3.32038E+03	 4.35630E+03	 4.49404E+03	 4.50005E+03	 4.44482E+03	 4.27744E+03	 4.94989E+03	 5.93198E+03	 5.36134E+03	 5.19652E+03	 4.76364E+03	 4.47416E+03	 4.46691E+03	 4.07904E+03	 4.41067E+03	 3.70768E+03	 3.89744E+03	 4.43030E+03	 5.80901E+03	 6.89348E+03	 7.07615E+03	 6.97843E+03	 6.58634E+03	 6.17157E+03	 6.52531E+03	 7.05207E+03	 6.57196E+03	 6.21252E+03	 5.76886E+03	 5.90354E+03	 5.96947E+03	 6.33727E+03	 6.81506E+03	 6.84607E+03	 6.63901E+03	 7.23219E+03	 6.46673E+03	 5.65756E+03	 5.65768E+03	 6.18763E+03	 7.40405E+03	 8.04286E+03	 7.38763E+03	 6.95631E+03	 6.38735E+03	 6.69461E+03	 5.92954E+03	 6.18115E+03	 7.18895E+03	 6.77332E+03	 7.73367E+03	 5.80583E+03	 4.62676E+03	 3.76499E+03	 3.22233E+03
 3.57633E+03	 4.27787E+03	 5.15945E+03	 4.85942E+03	 4.50355E+03	 4.71564E+03	 4.27136E+03	 4.95236E+03	 4.74772E+03	 4.57962E+03	 4.48328E+03	 4.09806E+03	 4.69028E+03	 5.43374E+03	 5.31766E+03	 5.15851E+03	 4.70382E+03	 4.20078E+03	 4.14468E+03	 3.82226E+03	 3.64077E+03	 3.57370E+03	 3.87013E+03	 4.17176E+03	 4.89272E+03	 5.63157E+03	 5.67719E+03	 6.30094E+03	 6.77570E+03	 6.92271E+03	 7.36710E+03	 7.11184E+03	 7.97539E+03	 7.38610E+03	 7.89254E+03	 7.75028E+03	 6.34156E+03	 7.58164E+03	 7.86314E+03	 7.67490E+03	 7.06164E+03	 7.16806E+03	 7.17101E+03	 6.31087E+03	 5.90894E+03	 5.14471E+03	 4.40589E+03	 4.37690E+03	 5.99261E+03	 6.13729E+03	 6.72922E+03	 6.09351E+03	 5.93942E+03	 6.29243E+03	 6.64473E+03	 6.41518E+03	 5.83454E+03	 6.27379E+03	 6.12896E+03	 4.00271E+03	 4.28523E+03
 3.79072E+03	 4.47657E+03	 5.09804E+03	 4.49481E+03	 4.70402E+03	 4.40604E+03	 4.09801E+03	 5.75138E+03	 5.00334E+03	 4.65018E+03	 4.81791E+03	 4.84884E+03	 5.32687E+03	 5.89925E+03	 6.49228E+03	 5.68703E+03	 4.29685E+03	 3.92635E+03	 3.90714E+03	 3.20750E+03	 3.82900E+03	 3.42393E+03	 4.20469E+03	 4.66283E+03	 4.99281E+03	 5.34096E+03	 5.54276E+03	 5.86058E+03	 6.44789E+03	 6.89499E+03	 6.65370E+03	 6.05213E+03	 6.37171E+03	 6.57614E+03	 6.44857E+03	 6.61189E+03	 7.09550E+03	 8.10235E+03	 7.83944E+03	 7.38663E+03	 7.01789E+03	 7.10130E+03	 6.63805E+03	 6.22745E+03	 5.63473E+03	 5.13992E+03	 3.66608E+03	 4.03148E+03	 4.42188E+03	 4.82733E+03	 5.33447E+03	 5.72792E+03	 6.48122E+03	 5.97030E+03	 6.42424E+03	 5.50261E+03	 5.45224E+03	 7.51191E+03	 6.32116E+03	 3.73902E+03	 4.02680E+03
 4.50974E+03	 5.09377E+03	 4.87472E+03	 4.68404E+03	 4.87378E+03	 4.00371E+03	 3.27753E+03	 3.98980E+03	 4.68805E+03	 4.76682E+03	 4.93403E+03	 4.80181E+03	 5.21375E+03	 5.58426E+03	 5.80801E+03	 5.00683E+03	 3.91872E+03	 3.52839E+03	 2.81924E+03	 3.77722E+03	 4.10784E+03	 4.00337E+03	 4.52116E+03	 4.90497E+03	 5.42220E+03	 5.24213E+03	 5.14843E+03	 5.06942E+03	 5.72683E+03	 6.27347E+03	 6.37347E+03	 6.68727E+03	 6.99226E+03	 6.48189E+03	 6.14491E+03	 6.18661E+03	 6.28881E+03	 7.36284E+03	 7.35916E+03	 7.40379E+03	 7.08880E+03	 6.11509E+03	 5.66537E+03	 5.22243E+03	 4.63141E+03	 4.86762E+03	 4.74960E+03	 4.26476E+03	 4.09305E+03	 5.08205E+03	 5.79699E+03	 6.65025E+03	 6.23249E+03	 6.23175E+03	 6.41780E+03	 5.82883E+03	 6.26539E+03	 7.95257E+03	 5.26325E+03	 4.51584E+03	 4.30141E+03
 4.94546E+03	 5.88385E+03	 5.57537E+03	 5.30378E+03	 5.49516E+03	 4.22453E+03	 3.64967E+03	 3.66570E+03	 4.03209E+03	 4.37483E+03	 4.88771E+03	 5.09057E+03	 5.32941E+03	 5.02428E+03	 3.93090E+03	 3.35757E+03	 2.94882E+03	 3.21956E+03	 4.05670E+03	 4.47537E+03	 4.68431E+03	 4.74607E+03	 4.43331E+03	 4.45176E+03	 4.72552E+03	 4.50889E+03	 5.34353E+03	 5.57774E+03	 5.58314E+03	 5.90129E+03	 6.58006E+03	 7.16291E+03	 7.18052E+03	 6.19710E+03	 5.54474E+03	 5.33845E+03	 5.43940E+03	 6.31025E+03	 7.26201E+03	 7.87184E+03	 7.87146E+03	 7.40028E+03	 6.47640E+03	 5.43475E+03	 4.94607E+03	 4.91040E+03	 5.71937E+03	 5.13960E+03	 5.99933E+03	 6.04677E+03	 6.13868E+03	 6.86051E+03	 6.44828E+03	 6.11792E+03	 6.16247E+03	 6.43635E+03	 6.64994E+03	 6.35929E+03	 4.96555E+03	 4.58062E+03	 4.86088E+03
 5.01051E+03	 5.36229E+03	 5.52645E+03	 5.80773E+03	 5.66973E+03	 4.51902E+03	 3.85388E+03	 4.36191E+03	 4.11790E+03	 4.19975E+03	 5.27642E+03	 5.11723E+03	 4.77827E+03	 4.95461E+03	 4.20733E+03	 3.46560E+03	 3.95051E+03	 5.30736E+03	 5.12649E+03	 5.06792E+03	 4.43399E+03	 4.59114E+03	 4.74582E+03	 4.87457E+03	 5.30743E+03	 5.32988E+03	 5.39029E+03	 6.11136E+03	 6.07030E+03	 5.65657E+03	 6.37258E+03	 6.93672E+03	 6.82171E+03	 6.39620E+03	 5.99499E+03	 5.94563E+03	 5.27430E+03	 6.40862E+03	 6.44623E+03	 6.17240E+03	 6.45601E+03	 6.24221E+03	 5.43698E+03	 5.30950E+03	 5.04921E+03	 5.38657E+03	 5.47297E+03	 5.92017E+03	 6.76101E+03	 6.67210E+03	 5.85448E+03	 5.66746E+03	 6.40466E+03	 5.90141E+03	 6.54214E+03	 6.32955E+03	 7.05215E+03	 6.04854E+03	 5.31668E+03	 6.27676E+03	 5.91690E+03
 4.93896E+03	 5.42762E+03	 5.46671E+03	 5.66009E+03	 5.54101E+03	 4.73593E+03	 4.18574E+03	 4.87597E+03	 4.56604E+03	 4.05664E+03	 3.83828E+03	 4.27139E+03	 4.77645E+03	 4.70814E+03	 3.94983E+03	 4.27979E+03	 6.10577E+03	 6.35469E+03	 4.87590E+03	 4.51367E+03	 4.48299E+03	 4.40251E+03	 4.19361E+03	 4.61908E+03	 5.78863E+03	 6.78800E+03	 7.35436E+03	 6.78791E+03	 5.63200E+03	 5.61496E+03	 6.84909E+03	 6.48753E+03	 6.18619E+03	 6.03654E+03	 6.20047E+03	 6.14244E+03	 5.46858E+03	 5.08812E+03	 5.04223E+03	 5.44265E+03	 5.20580E+03	 4.98044E+03	 5.26763E+03	 5.79827E+03	 5.84221E+03	 5.63596E+03	 6.11529E+03	 6.83314E+03	 7.17558E+03	 6.54299E+03	 5.88926E+03	 5.17348E+03	 5.91254E+03	 5.87010E+03	 5.14379E+03	 5.37349E+03	 6.49795E+03	 5.62340E+03	 5.61156E+03	 6.41418E+03	 6.56859E+03
 6.24298E+03	 6.49920E+03	 6.37988E+03	 6.84996E+03	 5.97790E+03	 5.26097E+03	 5.31893E+03	 6.04775E+03	 5.98354E+03	 5.04652E+03	 4.46518E+03	 4.96731E+03	 4.78126E+03	 4.75435E+03	 4.69642E+03	 5.34428E+03	 6.81412E+03	 6.10314E+03	 4.49025E+03	 4.69761E+03	 4.63642E+03	 4.49722E+03	 5.02566E+03	 4.90041E+03	 5.37227E+03	 6.37986E+03	 6.54620E+03	 6.18943E+03	 6.01373E+03	 6.32965E+03	 5.44825E+03	 5.70383E+03	 5.74209E+03	 6.14400E+03	 5.72598E+03	 5.31468E+03	 4.53028E+03	 4.05203E+03	 4.32886E+03	 4.40107E+03	 4.47736E+03	 4.38531E+03	 5.10972E+03	 5.99637E+03	 6.05921E+03	 6.13237E+03	 6.62000E+03	 7.02272E+03	 7.01736E+03	 6.85723E+03	 5.98243E+03	 5.40988E+03	 5.50782E+03	 5.06818E+03	 4.64083E+03	 4.58356E+03	 5.44397E+03	 5.72849E+03	 5.60308E+03	 6.49536E+03	 6.71352E+03
 6.76720E+03	 7.46446E+03	 8.21506E+03	 8.33090E+03	 7.59020E+03	 6.89934E+03	 6.74832E+03	 6.73217E+03	 6.44899E+03	 5.53189E+03	 6.01017E+03	 6.02733E+03	 5.77942E+03	 5.49623E+03	 5.43369E+03	 6.01984E+03	 5.98614E+03	 4.87222E+03	 5.11598E+03	 5.84764E+03	 5.63455E+03	 5.48028E+03	 5.72166E+03	 5.65209E+03	 5.56368E+03	 6.04072E+03	 6.33828E+03	 6.32473E+03	 6.36382E+03	 6.24373E+03	 6.45940E+03	 6.94030E+03	 6.63610E+03	 5.91498E+03	 5.40488E+03	 5.56484E+03	 5.06675E+03	 4.34898E+03	 4.45139E+03	 4.59122E+03	 4.43016E+03	 5.56043E+03	 6.22435E+03	 5.82598E+03	 5.37441E+03	 5.73348E+03	 6.64881E+03	 7.15279E+03	 7.38065E+03	 7.62031E+03	 7.64335E+03	 6.38487E+03	 5.22711E+03	 5.01660E+03	 5.01028E+03	 5.23627E+03	 5.56057E+03	 5.85304E+03	 6.09043E+03	 6.93393E+03	 6.81431E+03
 6.93710E+03	 8.75995E+03	 8.87111E+03	 8.03484E+03	 6.77500E+03	 6.07496E+03	 6.03534E+03	 5.98578E+03	 6.04543E+03	 5.29196E+03	 4.93266E+03	 4.81966E+03	 4.89939E+03	 5.59707E+03	 5.42368E+03	 5.23945E+03	 5.56102E+03	 5.76275E+03	 6.25423E+03	 6.65189E+03	 5.71986E+03	 5.16957E+03	 6.37370E+03	 6.48762E+03	 5.95443E+03	 5.90709E+03	 6.14532E+03	 6.21260E+03	 6.91303E+03	 8.12860E+03	 7.89352E+03	 7.22989E+03	 6.95836E+03	 6.27489E+03	 5.30699E+03	 5.51545E+03	 5.25089E+03	 4.92732E+03	 4.93674E+03	 4.52067E+03	 4.53874E+03	 4.74106E+03	 4.76977E+03	 3.86180E+03	 3.62518E+03	 5.39479E+03	 6.64548E+03	 7.34093E+03	 7.36997E+03	 7.65412E+03	 7.64837E+03	 7.26927E+03	 6.99366E+03	 6.02923E+03	 5.38899E+03	 5.47195E+03	 5.69886E+03	 5.64471E+03	 5.41973E+03	 5.54310E+03	 5.66778E+03
 7.46035E+03	 8.05529E+03	 8.24719E+03	 7.75621E+03	 6.51752E+03	 5.87092E+03	 6.38636E+03	 6.19324E+03	 5.53108E+03	 5.21641E+03	 5.05289E+03	 5.01526E+03	 5.88259E+03	 5.74404E+03	 5.33003E+03	 4.77648E+03	 4.78352E+03	 5.01532E+03	 4.99373E+03	 5.47464E+03	 5.76916E+03	 5.66375E+03	 6.28414E+03	 7.03364E+03	 6.92081E+03	 6.27727E+03	 6.23135E+03	 5.98234E+03	 5.99120E+03	 6.74229E+03	 7.45038E+03	 6.97131E+03	 6.18846E+03	 5.85032E+03	 5.27179E+03	 5.21582E+03	 4.77906E+03	 5.15232E+03	 6.05008E+03	 5.82828E+03	 6.00595E+03	 5.63502E+03	 4.67248E+03	 4.60428E+03	 5.16154E+03	 5.73883E+03	 6.66097E+03	 7.43873E+03	 8.07173E+03	 8.80189E+03	 8.35250E+03	 7.51449E+03	 7.70512E+03	 7.58063E+03	 7.47604E+03	 7.01185E+03	 6.98888E+03	 6.01796E+03	 5.20953E+03	 5.63896E+03	 6.47242E+03
 6.72170E+03	 7.61259E+03	 7.87162E+03	 7.08611E+03	 6.12402E+03	 6.32092E+03	 6.34387E+03	 5.72042E+03	 5.34710E+03	 5.51105E+03	 5.04254E+03	 5.47003E+03	 6.08522E+03	 5.76756E+03	 5.11499E+03	 4.44556E+03	 4.51149E+03	 4.50777E+03	 5.19549E+03	 5.38575E+03	 5.37277E+03	 5.18491E+03	 5.27467E+03	 5.99625E+03	 5.93579E+03	 6.08120E+03	 1.54513E+04	 2.04028E+04	 5.56191E+03	 6.17442E+03	 6.42911E+03	 7.13374E+03	 7.22575E+03	 6.45288E+03	 5.77280E+03	 5.36067E+03	 4.58135E+03	 4.52977E+03	 5.70887E+03	 6.41765E+03	 5.97775E+03	 5.76755E+03	 5.79553E+03	 6.13556E+03	 6.86681E+03	 7.27364E+03	 7.76596E+03	 8.08413E+03	 8.05140E+03	 7.87005E+03	 8.36142E+03	 8.54769E+03	 7.88415E+03	 7.09029E+03	 7.25614E+03	 7.15838E+03	 7.27363E+03	 6.75157E+03	 6.12200E+03	 5.93041E+03	 6.03280E+03
 7.50251E+03	 8.37153E+03	 8.35192E+03	 8.03155E+03	 7.84178E+03	 7.57269E+03	 7.38400E+03	 5.60232E+03	 6.36125E+03	 6.20169E+03	 6.05518E+03	 6.83005E+03	 6.89904E+03	 5.68581E+03	 4.58219E+03	 5.15221E+03	 5.89275E+03	 6.47758E+03	 6.60294E+03	 6.14706E+03	 6.63163E+03	 5.87838E+03	 4.91252E+03	 4.25437E+03	 4.27633E+03	 4.86588E+03	 5.44220E+03	 5.61015E+03	 5.40253E+03	 5.41228E+03	 5.97079E+03	 6.56536E+03	 6.81848E+03	 7.12787E+03	 6.04258E+03	 5.41945E+03	 4.60504E+03	 5.15043E+03	 6.43172E+03	 6.93529E+03	 6.57012E+03	 6.19142E+03	 6.38214E+03	 6.47497E+03	 6.73597E+03	 7.26640E+03	 8.31523E+03	 8.57220E+03	 8.77901E+03	 8.61697E+03	 8.78172E+03	 8.62984E+03	 7.53793E+03	 6.58709E+03	 6.38802E+03	 6.37231E+03	 6.38645E+03	 6.84582E+03	 6.83529E+03	 6.00853E+03	 6.30675E+03
 7.99181E+03	 7.55731E+03	 7.74467E+03	 7.03311E+03	 7.00886E+03	 7.14279E+03	 6.76956E+03	 5.81059E+03	 5.68095E+03	 5.73587E+03	 6.02172E+03	 6.04444E+03	 4.73835E+03	 4.20120E+03	 4.89330E+03	 5.89262E+03	 7.39753E+03	 6.68741E+03	 5.59665E+03	 5.02092E+03	 5.20866E+03	 5.14473E+03	 4.40591E+03	 4.34585E+03	 4.41712E+03	 4.43953E+03	 5.41676E+03	 6.20781E+03	 6.12211E+03	 6.10130E+03	 6.72421E+03	 7.75611E+03	 7.53563E+03	 7.12631E+03	 6.63557E+03	 5.98237E+03	 5.49322E+03	 5.90978E+03	 6.40691E+03	 6.99921E+03	 6.01333E+03	 6.75652E+03	 6.93860E+03	 6.74690E+03	 7.19886E+03	 8.31291E+03	 8.60012E+03	 8.28900E+03	 8.30046E+03	 7.92008E+03	 7.64585E+03	 8.22191E+03	 7.81046E+03	 6.90538E+03	 6.72383E+03	 7.49023E+03	 7.70604E+03	 8.13263E+03	 7.51336E+03	 6.61953E+03	 6.17467E+03
 7.79061E+03	 8.01984E+03	 8.12394E+03	 7.66942E+03	 7.07527E+03	 6.46128E+03	 6.29865E+03	 5.11402E+03	 5.64323E+03	 6.91971E+03	 6.26185E+03	 5.55710E+03	 5.53785E+03	 5.82525E+03	 5.61052E+03	 5.40642E+03	 5.76761E+03	 4.95996E+03	 4.47903E+03	 3.73840E+03	 3.48630E+03	 3.58439E+03	 4.38361E+03	 4.46357E+03	 3.85653E+03	 4.69043E+03	 6.15344E+03	 6.98501E+03	 7.35017E+03	 7.43206E+03	 8.02039E+03	 8.60376E+03	 7.72360E+03	 6.99239E+03	 6.15709E+03	 6.39795E+03	 6.15336E+03	 6.45033E+03	 7.18615E+03	 7.45955E+03	 7.60350E+03	 7.52886E+03	 7.11655E+03	 7.35431E+03	 7.45332E+03	 7.48646E+03	 7.56279E+03	 8.02106E+03	 8.86843E+03	 8.15127E+03	 7.98947E+03	 8.22333E+03	 7.66531E+03	 7.19656E+03	 7.40692E+03	 7.98092E+03	 7.38560E+03	 6.86075E+03	 1.07328E+04	 2.54426E+04	 5.59018E+03
 7.69706E+03	 7.50386E+03	 7.87795E+03	 6.86755E+03	 5.89247E+03	 5.68500E+03	 5.57533E+03	 5.40501E+03	 6.72359E+03	 7.51565E+03	 7.25605E+03	 6.19826E+03	 6.16713E+03	 6.11728E+03	 6.77802E+03	 5.72239E+03	 4.99745E+03	 5.41100E+03	 5.23626E+03	 4.27423E+03	 3.96980E+03	 3.51588E+03	 5.02089E+03	 5.47000E+03	 5.42529E+03	 5.81896E+03	 5.72818E+03	 6.54867E+03	 7.28079E+03	 8.25075E+03	 7.76997E+03	 7.84165E+03	 7.40507E+03	 6.60297E+03	 6.97076E+03	 7.77858E+03	 7.09257E+03	 6.91783E+03	 7.60919E+03	 8.09062E+03	 7.70807E+03	 7.11541E+03	 7.08643E+03	 7.61623E+03	 7.59703E+03	 7.81124E+03	 8.92250E+03	 9.31251E+03	 9.85699E+03	 9.28351E+03	 8.73848E+03	 8.30580E+03	 7.99261E+03	 8.70585E+03	 8.49571E+03	 7.67709E+03	 7.74542E+03	 7.03462E+03	 6.46655E+03	 6.17990E+03	 6.13488E+03
 7.63448E+03	 8.27696E+03	 8.92567E+03	 7.00038E+03	 6.69263E+03	 6.84223E+03	 8.02645E+03	 7.11136E+03	 6.71937E+03	 7.06215E+03	 7.51494E+03	 6.23003E+03	 6.14905E+03	 6.07393E+03	 5.67316E+03	 5.32884E+03	 6.03115E+03	 6.31841E+03	 5.91724E+03	 4.63577E+03	 3.51938E+03	 3.83836E+03	 4.88354E+03	 4.48492E+03	 5.11835E+03	 5.38015E+03	 5.48652E+03	 6.78405E+03	 7.40712E+03	 7.87260E+03	 8.52326E+03	 7.95248E+03	 7.34900E+03	 6.64619E+03	 6.93917E+03	 6.85427E+03	 6.47193E+03	 6.33227E+03	 7.23048E+03	 7.46684E+03	 7.11968E+03	 6.43895E+03	 7.45129E+03	 7.33631E+03	 7.66681E+03	 7.98675E+03	 7.56987E+03	 8.27627E+03	 8.76482E+03	 8.19091E+03	 7.46827E+03	 7.21639E+03	 6.76467E+03	 7.78507E+03	 8.12910E+03	 7.83184E+03	 7.69198E+03	 6.84938E+03	 6.65174E+03	 7.01579E+03	 6.11170E+03
 7.50639E+03	 7.88888E+03	 7.60642E+03	 6.92444E+03	 6.78336E+03	 6.83647E+03	 7.65165E+03	 6.49774E+03	 7.90159E+03	 6.74469E+03	 6.36783E+03	 4.81878E+03	 4.21816E+03	 4.59031E+03	 5.58749E+03	 6.36361E+03	 6.47708E+03	 6.48408E+03	 5.21407E+03	 3.85446E+03	 2.92773E+03	 3.58522E+03	 4.59774E+03	 4.55267E+03	 5.07120E+03	 5.29707E+03	 5.87757E+03	 6.46555E+03	 6.46419E+03	 6.28746E+03	 7.77691E+03	 8.28118E+03	 8.84934E+03	 7.99627E+03	 7.88975E+03	 7.54844E+03	 6.56430E+03	 7.05071E+03	 7.85045E+03	 7.52729E+03	 7.05681E+03	 7.78315E+03	 7.99727E+03	 9.27805E+03	 8.66131E+03	 9.06004E+03	 8.29108E+03	 8.46685E+03	 8.95394E+03	 7.63748E+03	 7.70361E+03	 7.39474E+03	 7.17484E+03	 7.01379E+03	 7.58829E+03	 8.19836E+03	 7.91306E+03	 7.57366E+03	 7.58295E+03	 8.19922E+03	 7.93444E+03
 7.33548E+03	 8.25190E+03	 7.70894E+03	 6.86021E+03	 6.72910E+03	 6.75548E+03	 7.58789E+03	 7.56432E+03	 7.19232E+03	 5.66026E+03	 5.17520E+03	 5.12932E+03	 5.35408E+03	 4.59037E+03	 4.79912E+03	 5.20067E+03	 5.56673E+03	 6.11563E+03	 5.16850E+03	 3.51093E+03	 3.68804E+03	 3.37856E+03	 4.87964E+03	 5.22243E+03	 5.88266E+03	 5.51990E+03	 5.64954E+03	 6.11745E+03	 5.95454E+03	 6.45617E+03	 8.07225E+03	 7.99054E+03	 9.21855E+03	 9.20336E+03	 7.74146E+03	 7.72695E+03	 7.15045E+03	 6.90446E+03	 6.82766E+03	 6.83158E+03	 7.19140E+03	 7.25858E+03	 8.21963E+03	 8.11666E+03	 8.42908E+03	 8.45158E+03	 8.32574E+03	 8.21968E+03	 7.31305E+03	 7.31029E+03	 7.42238E+03	 7.88674E+03	 7.04807E+03	 7.44578E+03	 7.40478E+03	 7.09632E+03	 7.19054E+03	 8.29721E+03	 7.96499E+03	 8.31518E+03	 8.07842E+03
 6.11294E+03	 7.78532E+03	 7.81952E+03	 6.79124E+03	 6.11679E+03	 6.04625E+03	 7.33080E+03	 7.95856E+03	 6.61413E+03	 5.39021E+03	 5.32773E+03	 4.97654E+03	 3.56163E+03	 3.65743E+03	 4.62418E+03	 4.62721E+03	 4.76459E+03	 4.59135E+03	 4.36222E+03	 3.57665E+03	 3.42007E+03	 2.77986E+03	 4.43255E+03	 6.18649E+03	 6.36581E+03	 6.10914E+03	 6.36473E+03	 5.88578E+03	 6.07245E+03	 6.21360E+03	 7.79577E+03	 7.89281E+03	 8.76893E+03	 8.72025E+03	 8.23638E+03	 7.12233E+03	 8.42180E+03	 7.51875E+03	 6.71164E+03	 6.91349E+03	 7.15252E+03	 7.86247E+03	 9.26084E+03	 1.02360E+04	 9.40364E+03	 7.82522E+03	 7.64680E+03	 8.10527E+03	 8.99385E+03	 8.17814E+03	 7.40132E+03	 7.32431E+03	 7.13395E+03	 7.95031E+03	 8.09496E+03	 7.73264E+03	 7.98392E+03	 9.62244E+03	 8.99863E+03	 9.41171E+03	 7.84552E+03
 6.37094E+03	 6.64134E+03	 7.52341E+03	 7.82298E+03	 7.19217E+03	 8.09785E+03	 7.38997E+03	 6.32148E+03	 5.96586E+03	 4.66643E+03	 4.52874E+03	 4.72419E+03	 4.21247E+03	 4.18591E+03	 4.86140E+03	 4.64621E+03	 5.07258E+03	 5.50634E+03	 5.19804E+03	 4.21785E+03	 3.85204E+03	 3.62022E+03	 5.19424E+03	 5.79271E+03	 5.60923E+03	 5.85752E+03	 6.13681E+03	 5.98232E+03	 6.06198E+03	 7.15665E+03	 8.19086E+03	 8.33906E+03	 8.04550E+03	 8.11087E+03	 7.41980E+03	 6.19538E+03	 7.69296E+03	 7.39448E+03	 6.80551E+03	 6.53441E+03	 6.67891E+03	 7.73072E+03	 8.39344E+03	 8.89535E+03	 8.18686E+03	 7.71592E+03	 7.83482E+03	 8.45443E+03	 8.68496E+03	 8.07899E+03	 7.22911E+03	 6.67936E+03	 7.39731E+03	 8.51724E+03	 8.12351E+03	 8.45549E+03	 8.22924E+03	 8.73052E+03	 8.44919E+03	 7.99623E+03	 7.74064E+03
 6.66015E+03	 7.14188E+03	 7.54580E+03	 7.54138E+03	 7.77268E+03	 6.29097E+03	 5.99607E+03	 6.24971E+03	 5.16809E+03	 4.09445E+03	 3.22643E+03	 4.04371E+03	 4.77154E+03	 5.81813E+03	 5.96138E+03	 5.63732E+03	 5.77771E+03	 5.08663E+03	 4.86067E+03	 3.80543E+03	 3.32066E+03	 4.00739E+03	 5.07494E+03	 5.55136E+03	 5.52070E+03	 6.97165E+03	 6.11363E+03	 6.06481E+03	 6.64770E+03	 7.28623E+03	 8.38879E+03	 8.68296E+03	 8.81772E+03	 7.68859E+03	 6.63779E+03	 6.45841E+03	 6.78297E+03	 7.66843E+03	 7.68144E+03	 6.76354E+03	 6.60639E+03	 7.79668E+03	 8.75159E+03	 9.24037E+03	 8.89865E+03	 7.91449E+03	 7.66453E+03	 7.92606E+03	 7.85258E+03	 7.97477E+03	 8.65728E+03	 7.57007E+03	 8.53250E+03	 8.93820E+03	 8.92930E+03	 8.20226E+03	 7.75048E+03	 9.04095E+03	 8.48751E+03	 7.79869E+03	 8.17785E+03
 6.22755E+03	 7.62897E+03	 7.77067E+03	 6.88773E+03	 6.07727E+03	 5.01247E+03	 5.45088E+03	 5.89005E+03	 6.26913E+03	 6.08592E+03	 5.88619E+03	 5.39658E+03	 6.50195E+03	 6.59375E+03	 6.36422E+03	 6.13941E+03	 6.02637E+03	 5.25378E+03	 4.64178E+03	 4.32881E+03	 4.04771E+03	 4.83545E+03	 4.90185E+03	 4.83212E+03	 5.13391E+03	 5.84469E+03	 5.35474E+03	 5.52555E+03	 6.31323E+03	 7.31688E+03	 7.94815E+03	 8.09531E+03	 7.73201E+03	 8.25737E+03	 7.01725E+03	 6.23239E+03	 6.84875E+03	 7.89632E+03	 8.07058E+03	 8.09201E+03	 8.12856E+03	 6.93918E+03	 8.45117E+03	 8.31100E+03	 7.69465E+03	 6.70495E+03	 8.05985E+03	 8.47195E+03	 8.68445E+03	 8.35969E+03	 8.11611E+03	 7.87108E+03	 8.11990E+03	 7.84632E+03	 8.18727E+03	 7.34594E+03	 8.17232E+03	 8.55365E+03	 6.91942E+03	 7.47991E+03	 7.19319E+03
 6.57272E+03	 6.94978E+03	 7.24667E+03	 7.20031E+03	 6.21669E+03	 6.26697E+03	 6.44471E+03	 7.02210E+03	 7.31814E+03	 7.67600E+03	 7.29367E+03	 6.59425E+03	 6.45574E+03	 6.19349E+03	 6.27438E+03	 6.33909E+03	 6.71871E+03	 7.19682E+03	 6.38775E+03	 6.56241E+03	 5.61920E+03	 5.37809E+03	 6.88488E+03	 7.21062E+03	 5.49130E+03	 5.10250E+03	 5.50614E+03	 4.90303E+03	 5.00685E+03	 6.23551E+03	 6.68731E+03	 7.04973E+03	 7.39432E+03	 7.13324E+03	 6.81341E+03	 6.58045E+03	 6.84715E+03	 6.56033E+03	 6.88404E+03	 6.51431E+03	 6.31493E+03	 7.46756E+03	 7.40537E+03	 7.75463E+03	 7.59403E+03	 7.97175E+03	 9.00657E+03	 9.80279E+03	 8.20742E+03	 7.40306E+03	 7.87467E+03	 7.90802E+03	 8.17448E+03	 7.44688E+03	 7.67812E+03	 7.41549E+03	 8.17967E+03	 7.89818E+03	 8.25891E+03	 7.44577E+03	 7.01571E+03
 7.11138E+03	 6.60853E+03	 7.01502E+03	 7.11609E+03	 7.24524E+03	 7.80532E+03	 8.58485E+03	 8.62868E+03	 9.23983E+03	 9.10341E+03	 8.62254E+03	 8.16909E+03	 8.12583E+03	 6.92914E+03	 6.10488E+03	 5.79640E+03	 6.57756E+03	 6.88157E+03	 7.46195E+03	 7.76388E+03	 6.61316E+03	 6.56157E+03	 6.77879E+03	 7.22062E+03	 7.77170E+03	 6.95493E+03	 6.07445E+03	 5.01597E+03	 4.98990E+03	 5.60562E+03	 6.19739E+03	 6.69667E+03	 7.73422E+03	 7.11104E+03	 7.02357E+03	 7.03717E+03	 7.52923E+03	 7.44114E+03	 7.58364E+03	 8.19609E+03	 7.31622E+03	 8.03498E+03	 9.08925E+03	 9.54679E+03	 9.20059E+03	 9.01476E+03	 8.83847E+03	 9.42163E+03	 8.84188E+03	 8.05264E+03	 8.31450E+03	 8.57744E+03	 8.61467E+03	 8.18315E+03	 7.83832E+03	 8.46045E+03	 9.76633E+03	 1.01269E+04	 9.91092E+03	 8.39030E+03	 7.80791E+03
 8.80978E+03	 7.94818E+03	 7.97277E+03	 7.75043E+03	 7.49397E+03	 7.51407E+03	 8.90050E+03	 1.01297E+04	 9.75921E+03	 8.37857E+03	 8.07580E+03	 7.62472E+03	 7.44360E+03	 6.29757E+03	 6.24741E+03	 7.28242E+03	 7.39409E+03	 7.15867E+03	 7.42683E+03	 7.31482E+03	 6.92685E+03	 7.01918E+03	 7.48824E+03	 7.94062E+03	 8.68953E+03	 8.43557E+03	 7.59583E+03	 6.56820E+03	 6.47944E+03	 6.16426E+03	 6.27025E+03	 7.22022E+03	 7.44792E+03	 7.37932E+03	 7.58592E+03	 7.99686E+03	 8.07775E+03	 7.60092E+03	 7.82924E+03	 9.29776E+03	 9.61779E+03	 9.59402E+03	 9.48561E+03	 1.00449E+04	 1.01071E+04	 1.00620E+04	 9.37287E+03	 8.35446E+03	 8.25048E+03	 8.47733E+03	 7.47418E+03	 7.40435E+03	 7.64112E+03	 7.96282E+03	 7.36643E+03	 8.41825E+03	 9.45987E+03	 9.58344E+03	 9.03641E+03	 8.62993E+03	 8.05701E+03
 9.87307E+03	 8.22609E+03	 8.04043E+03	 7.28394E+03	 6.45218E+03	 6.57097E+03	 7.06333E+03	 8.36053E+03	 9.85819E+03	 9.56559E+03	 8.93795E+03	 8.29971E+03	 8.26475E+03	 7.87598E+03	 7.75076E+03	 8.93712E+03	 8.79199E+03	 7.94732E+03	 7.73899E+03	 8.31196E+03	 8.46795E+03	 7.94531E+03	 6.96868E+03	 6.94296E+03	 7.56103E+03	 7.86691E+03	 6.57332E+03	 5.68383E+03	 6.36093E+03	 7.45085E+03	 7.38418E+03	 7.44997E+03	 8.09843E+03	 8.09555E+03	 7.62204E+03	 7.02729E+03	 7.44990E+03	 8.27145E+03	 8.07728E+03	 7.95636E+03	 8.42914E+03	 8.84243E+03	 9.59060E+03	 9.79039E+03	 1.02011E+04	 1.00440E+04	 8.95191E+03	 8.78493E+03	 8.79009E+03	 8.76616E+03	 7.65775E+03	 7.00073E+03	 7.36376E+03	 8.42830E+03	 8.13744E+03	 8.11827E+03	 8.90295E+03	 1.03148E+04	 9.72168E+03	 1.06222E+04	 1.06921E+04
 1.11291E+04	 9.67100E+03	 7.35222E+03	 6.73488E+03	 7.04646E+03	 7.46170E+03	 7.97701E+03	 8.50641E+03	 8.94292E+03	 7.62682E+03	 7.36920E+03	 7.82523E+03	 7.57302E+03	 7.05369E+03	 6.93586E+03	 8.31282E+03	 8.62060E+03	 7.23695E+03	 7.04574E+03	 7.84219E+03	 7.71809E+03	 7.72304E+03	 7.40633E+03	 7.53446E+03	 7.67425E+03	 6.40026E+03	 5.42452E+03	 5.84855E+03	 6.54524E+03	 6.30231E+03	 6.28592E+03	 6.71177E+03	 7.08543E+03	 7.27199E+03	 7.48838E+03	 7.03413E+03	 7.19321E+03	 8.49751E+03	 8.69871E+03	 9.75522E+03	 9.11284E+03	 8.28091E+03	 7.98259E+03	 8.09438E+03	 8.73403E+03	 8.74463E+03	 8.47181E+03	 7.33972E+03	 7.53586E+03	 8.31532E+03	 8.38888E+03	 7.01086E+03	 7.11031E+03	 7.67850E+03	 7.44932E+03	 8.54023E+03	 9.82843E+03	 1.00451E+04	 1.03978E+04	 1.02499E+04	 1.00547E+04
 9.54671E+03	 9.15655E+03	 7.47638E+03	 6.32173E+03	 6.46463E+03	 7.49165E+03	 8.21745E+03	 7.36124E+03	 6.98947E+03	 6.96431E+03	 7.20745E+03	 7.92854E+03	 7.71809E+03	 6.75255E+03	 6.56250E+03	 7.11512E+03	 7.53699E+03	 7.75814E+03	 7.79468E+03	 7.16998E+03	 7.33965E+03	 7.46397E+03	 7.50608E+03	 7.16049E+03	 6.91957E+03	 6.22966E+03	 5.57016E+03	 4.85124E+03	 6.24604E+03	 6.47598E+03	 5.61903E+03	 5.52016E+03	 5.48702E+03	 5.57162E+03	 5.69418E+03	 6.01234E+03	 6.92034E+03	 7.92301E+03	 7.77968E+03	 7.73740E+03	 7.52947E+03	 7.92751E+03	 8.40511E+03	 8.60400E+03	 8.49975E+03	 7.13319E+03	 5.92305E+03	 6.02913E+03	 6.63781E+03	 6.93367E+03	 7.20500E+03	 7.61483E+03	 7.97792E+03	 7.78587E+03	 7.78227E+03	 9.93896E+03	 1.14339E+04	 1.12285E+04	 1.03156E+04	 1.10697E+04	 1.19101E+04
 8.86187E+03	 8.07862E+03	 7.63012E+03	 7.39083E+03	 7.24557E+03	 7.89755E+03	 8.49673E+03	 7.81948E+03	 7.42297E+03	 6.97601E+03	 6.69094E+03	 7.50867E+03	 7.54658E+03	 7.26124E+03	 7.04733E+03	 7.51503E+03	 7.90302E+03	 8.39801E+03	 8.70669E+03	 8.11657E+03	 7.56558E+03	 7.92163E+03	 8.87416E+03	 9.57757E+03	 8.21988E+03	 6.75057E+03	 6.99606E+03	 7.37443E+03	 7.62660E+03	 8.55694E+03	 8.19116E+03	 6.94389E+03	 6.48484E+03	 6.62046E+03	 6.35088E+03	 6.56430E+03	 7.92947E+03	 8.47037E+03	 7.81109E+03	 7.25256E+03	 7.83905E+03	 9.86797E+03	 1.02468E+04	 8.58208E+03	 7.64439E+03	 6.45846E+03	 5.64559E+03	 5.75399E+03	 6.22642E+03	 6.98918E+03	 6.88038E+03	 6.50716E+03	 6.87089E+03	 7.56875E+03	 7.25864E+03	 7.56879E+03	 9.12003E+03	 1.14422E+04	 1.07869E+04	 9.85575E+03	 9.44544E+03
 9.32714E+03	 9.67805E+03	 9.81852E+03	 9.52009E+03	 8.76245E+03	 8.87497E+03	 8.67935E+03	 8.20043E+03	 7.99514E+03	 7.95965E+03	 8.32882E+03	 7.79096E+03	 7.28498E+03	 7.28739E+03	 7.43020E+03	 8.68601E+03	 9.81164E+03	 9.51615E+03	 9.18180E+03	 8.08833E+03	 7.24931E+03	 8.41948E+03	 8.90385E+03	 9.24257E+03	 8.97468E+03	 8.05600E+03	 6.96455E+03	 7.06531E+03	 7.15254E+03	 8.03891E+03	 8.92544E+03	 8.07607E+03	 6.86140E+03	 6.17856E+03	 5.79337E+03	 5.90112E+03	 6.49117E+03	 7.15430E+03	 6.47787E+03	 6.44490E+03	 7.46946E+03	 7.86978E+03	 8.49890E+03	 8.38659E+03	 8.47794E+03	 8.13750E+03	 6.78180E+03	 6.52779E+03	 6.20348E+03	 6.86359E+03	 7.68206E+03	 7.16915E+03	 6.81857E+03	 6.70046E+03	 7.21803E+03	 7.53454E+03	 8.14880E+03	 7.68597E+03	 8.34406E+03	 8.79966E+03	 8.39006E+03
 8.92058E+03	 8.71829E+03	 8.43266E+03	 8.49945E+03	 8.44132E+03	 8.86237E+03	 8.95459E+03	 8.52733E+03	 8.56651E+03	 8.40945E+03	 8.92544E+03	 8.59232E+03	 8.08123E+03	 7.94992E+03	 8.64903E+03	 9.89011E+03	 1.12488E+04	 1.16181E+04	 1.16019E+04	 1.03726E+04	 9.23030E+03	 8.00454E+03	 8.83871E+03	 8.76196E+03	 7.72118E+03	 7.07995E+03	 7.13469E+03	 7.88782E+03	 7.99668E+03	 7.82987E+03	 8.40361E+03	 7.95157E+03	 6.59164E+03	 6.60900E+03	 6.34596E+03	 7.19484E+03	 7.13579E+03	 6.64983E+03	 6.15580E+03	 5.86671E+03	 6.05413E+03	 6.63137E+03	 7.37874E+03	 7.28203E+03	 6.70043E+03	 6.65016E+03	 6.48496E+03	 5.56174E+03	 5.47685E+03	 6.43614E+03	 7.62140E+03	 7.80927E+03	 6.78091E+03	 6.21972E+03	 6.39808E+03	 6.19930E+03	 5.68606E+03	 5.49842E+03	 5.99129E+03	 6.76984E+03	 7.81168E+03
 8.38882E+03	 7.52349E+03	 7.27975E+03	 7.19664E+03	 7.88741E+03	 8.53645E+03	 9.07637E+03	 9.25275E+03	 8.90735E+03	 9.31730E+03	 9.81350E+03	 1.00974E+04	 1.00941E+04	 9.44455E+03	 1.08164E+04	 1.18798E+04	 1.13313E+04	 1.09267E+04	 1.12129E+04	 1.13301E+04	 9.00159E+03	 7.31517E+03	 7.10773E+03	 7.33291E+03	 6.52063E+03	 5.76467E+03	 6.55321E+03	 6.83190E+03	 7.23125E+03	 7.20972E+03	 7.74538E+03	 6.99686E+03	 6.76779E+03	 6.54635E+03	 7.65514E+03	 9.13853E+03	 9.35652E+03	 8.84760E+03	 7.19926E+03	 6.66210E+03	 7.01515E+03	 7.75201E+03	 7.94446E+03	 6.97653E+03	 5.85686E+03	 6.10875E+03	 7.92035E+03	 7.92767E+03	 6.34239E+03	 6.22115E+03	 7.53473E+03	 8.11450E+03	 7.60358E+03	 6.85270E+03	 6.01514E+03	 6.07185E+03	 6.41499E+03	 6.48918E+03	 6.41196E+03	 5.90273E+03	 6.25007E+03
 9.77689E+03	 7.73856E+03	 8.20815E+03	 8.21610E+03	 9.72133E+03	 1.08437E+04	 1.25104E+04	 1.28316E+04	 1.23435E+04	 1.22533E+04	 1.20804E+04	 1.22103E+04	 1.16555E+04	 1.11715E+04	 1.19379E+04	 1.15516E+04	 1.00917E+04	 9.85565E+03	 9.38374E+03	 9.31290E+03	 8.77468E+03	 8.42331E+03	 7.46809E+03	 7.27942E+03	 6.94232E+03	 4.95511E+03	 4.22691E+03	 5.94103E+03	 7.61101E+03	 7.06687E+03	 6.49674E+03	 6.78042E+03	 6.54502E+03	 6.58495E+03	 6.96174E+03	 7.76743E+03	 8.22228E+03	 6.80905E+03	 6.31881E+03	 5.98586E+03	 5.98678E+03	 6.86270E+03	 7.17140E+03	 6.72014E+03	 5.74640E+03	 5.62588E+03	 6.07611E+03	 7.12700E+03	 6.59181E+03	 6.08736E+03	 5.98795E+03	 6.51619E+03	 7.03993E+03	 6.99549E+03	 6.53375E+03	 6.37930E+03	 6.55665E+03	 6.56960E+03	 6.39027E+03	 7.00583E+03	 7.34124E+03
 9.25858E+03	 9.56212E+03	 9.85009E+03	 1.06872E+04	 1.22490E+04	 1.32702E+04	 1.48632E+04	 1.27716E+04	 1.08101E+04	 1.19893E+04	 1.03401E+04	 1.17984E+04	 1.17725E+04	 1.14092E+04	 1.26897E+04	 1.16859E+04	 1.04716E+04	 1.09887E+04	 9.98109E+03	 8.47688E+03	 8.99723E+03	 9.76873E+03	 8.29603E+03	 7.65225E+03	 7.01475E+03	 5.46563E+03	 5.10961E+03	 5.62358E+03	 7.43723E+03	 7.35208E+03	 7.12950E+03	 6.50827E+03	 6.56511E+03	 6.60698E+03	 6.67734E+03	 6.55188E+03	 7.15752E+03	 6.84532E+03	 7.16031E+03	 7.16128E+03	 7.23863E+03	 6.77503E+03	 6.97341E+03	 5.70619E+03	 5.45132E+03	 5.86770E+03	 6.53576E+03	 6.74514E+03	 6.52484E+03	 6.52579E+03	 6.46128E+03	 6.46540E+03	 6.22623E+03	 6.42337E+03	 6.20575E+03	 5.99094E+03	 6.84702E+03	 7.23425E+03	 7.33304E+03	 7.18294E+03	 6.45498E+03
 9.84010E+03	 9.68630E+03	 9.84180E+03	 1.30325E+04	 1.23925E+04	 1.04392E+04	 1.02690E+04	 8.78885E+03	 8.97583E+03	 9.71693E+03	 9.45290E+03	 1.05925E+04	 1.15713E+04	 1.11925E+04	 1.14399E+04	 1.20264E+04	 1.06880E+04	 9.19267E+03	 9.64151E+03	 9.90255E+03	 9.24556E+03	 9.75234E+03	 1.09997E+04	 9.93967E+03	 8.66086E+03	 7.06105E+03	 6.14795E+03	 6.34782E+03	 8.54487E+03	 7.54831E+03	 7.85006E+03	 7.77278E+03	 6.88006E+03	 6.10218E+03	 6.11864E+03	 5.80514E+03	 5.54796E+03	 5.54037E+03	 7.21708E+03	 7.68416E+03	 8.11016E+03	 8.58332E+03	 8.28816E+03	 7.88481E+03	 6.78876E+03	 5.64680E+03	 6.17370E+03	 6.28296E+03	 5.52785E+03	 5.21791E+03	 5.91797E+03	 6.13191E+03	 6.91903E+03	 6.68015E+03	 6.48117E+03	 6.40063E+03	 7.54338E+03	 8.48631E+03	 8.95193E+03	 7.26045E+03	 5.96240E+03
 9.92433E+03	 9.61577E+03	 1.07166E+04	 1.21578E+04	 1.12178E+04	 1.07272E+04	 9.22752E+03	 7.54771E+03	 7.91742E+03	 9.25978E+03	 9.89233E+03	 1.03560E+04	 1.04228E+04	 1.09856E+04	 1.15967E+04	 1.02381E+04	 9.84784E+03	 9.19243E+03	 9.16839E+03	 9.20750E+03	 1.02065E+04	 9.38239E+03	 9.81226E+03	 9.13989E+03	 7.47233E+03	 7.26738E+03	 7.39900E+03	 6.27445E+03	 7.65686E+03	 7.26941E+03	 7.20758E+03	 6.35943E+03	 5.93841E+03	 6.27043E+03	 6.20233E+03	 6.31340E+03	 6.23686E+03	 6.00953E+03	 6.02329E+03	 6.33504E+03	 6.86039E+03	 7.20598E+03	 7.33050E+03	 7.29206E+03	 7.33644E+03	 6.07975E+03	 6.05843E+03	 5.66914E+03	 5.41848E+03	 5.08284E+03	 5.06414E+03	 5.15615E+03	 5.57571E+03	 5.89924E+03	 5.37842E+03	 5.71281E+03	 7.14815E+03	 8.17013E+03	 8.05977E+03	 7.43094E+03	 7.11634E+03
 1.14310E+04	 1.03370E+04	 1.05831E+04	 9.05850E+03	 9.27513E+03	 8.45294E+03	 9.02629E+03	 8.79437E+03	 8.70066E+03	 1.09193E+04	 1.15703E+04	 1.10577E+04	 9.39008E+03	 1.05470E+04	 7.83836E+03	 6.57062E+03	 1.85187E+04	 7.95802E+03	 8.44868E+03	 7.56738E+03	 8.45135E+03	 7.60028E+03	 7.04035E+03	 6.61840E+03	 6.38685E+03	 8.42825E+03	 7.10085E+03	 9.21000E+03	 8.34891E+03	 6.20236E+03	 5.49785E+03	 5.14633E+03	 6.14116E+03	 7.48417E+03	 7.43175E+03	 6.62234E+03	 7.40952E+03	 7.36715E+03	 6.52298E+03	 7.48127E+03	 7.35488E+03	 7.75770E+03	 8.01050E+03	 8.02327E+03	 7.01620E+03	 5.06501E+03	 4.28678E+03	 5.24856E+03	 6.20106E+03	 6.23596E+03	 6.52281E+03	 5.60661E+03	 5.32279E+03	 5.62167E+03	 5.71293E+03	 5.09591E+03	 5.88871E+03	 7.40528E+03	 7.08279E+03	 7.53202E+03	 7.20157E+03
 1.00128E+04	 1.09460E+04	 1.06450E+04	 1.01353E+04	 8.78457E+03	 8.90025E+03	 9.05934E+03	 9.40886E+03	 8.78463E+03	 8.12022E+03	 8.67934E+03	 6.57761E+03	 6.76409E+03	 7.10303E+03	 6.53080E+03	 6.61340E+03	 6.25361E+03	 7.69875E+03	 8.78175E+03	 7.45115E+03	 6.64663E+03	 7.28418E+03	 5.68302E+03	 5.96760E+03	 6.75064E+03	 7.40165E+03	 7.53928E+03	 7.61569E+03	 7.81781E+03	 6.55182E+03	 5.51447E+03	 6.32069E+03	 7.33835E+03	 8.21968E+03	 8.27425E+03	 7.77826E+03	 8.18417E+03	 8.21535E+03	 8.34483E+03	 8.08200E+03	 7.93130E+03	 8.60603E+03	 9.48164E+03	 8.46404E+03	 7.03291E+03	 4.79982E+03	 4.22401E+03	 4.19149E+03	 6.74323E+03	 6.62757E+03	 6.33396E+03	 6.98132E+03	 6.30641E+03	 6.55573E+03	 7.05328E+03	 5.18558E+03	 5.84056E+03	 7.01670E+03	 6.60358E+03	 5.97447E+03	 7.81379E+03
 9.14124E+03	 9.38624E+03	 9.66838E+03	 9.25062E+03	 8.55613E+03	 7.66142E+03	 7.90172E+03	 8.05538E+03	 8.68464E+03	 8.17747E+03	 6.93086E+03	 6.96309E+03	 6.90115E+03	 5.56095E+03	 6.50090E+03	 6.61454E+03	 7.58754E+03	 7.74284E+03	 8.14482E+03	 7.33893E+03	 6.70629E+03	 6.57445E+03	 5.23955E+03	 5.56923E+03	 5.71686E+03	 5.78363E+03	 6.13175E+03	 6.49928E+03	 6.16278E+03	 6.91492E+03	 6.28799E+03	 7.01692E+03	 6.32348E+03	 7.82556E+03	 7.89925E+03	 7.76455E+03	 8.17797E+03	 9.17549E+03	 8.49614E+03	 7.85101E+03	 8.05889E+03	 8.69304E+03	 8.55308E+03	 8.20780E+03	 7.64010E+03	 6.06155E+03	 5.32227E+03	 5.57969E+03	 6.60162E+03	 7.05404E+03	 6.00843E+03	 6.02175E+03	 5.19022E+03	 4.82924E+03	 4.58171E+03	 4.84145E+03	 6.13440E+03	 6.93303E+03	 7.29919E+03	 6.27351E+03	 7.53132E+03
 9.60256E+03	 9.05354E+03	 9.16777E+03	 8.56672E+03	 8.38894E+03	 8.45268E+03	 8.85782E+03	 8.94772E+03	 8.66130E+03	 8.14878E+03	 8.18340E+03	 8.41270E+03	 8.60774E+03	 6.90186E+03	 7.90545E+03	 9.88481E+03	 9.15890E+03	 9.18057E+03	 9.24749E+03	 8.21694E+03	 7.63977E+03	 6.45230E+03	 4.92350E+03	 5.26104E+03	 5.46930E+03	 5.61135E+03	 6.20050E+03	 5.84589E+03	 6.36847E+03	 6.85729E+03	 7.65407E+03	 7.75416E+03	 7.94974E+03	 8.62223E+03	 8.84741E+03	 8.70375E+03	 9.35388E+03	 9.15503E+03	 8.35422E+03	 7.11175E+03	 7.77869E+03	 8.10232E+03	 7.49136E+03	 7.49658E+03	 7.14468E+03	 6.62775E+03	 6.87060E+03	 6.67805E+03	 6.83892E+03	 6.65300E+03	 6.55589E+03	 5.42872E+03	 5.38000E+03	 4.52083E+03	 5.11424E+03	 6.06933E+03	 7.11416E+03	 8.12087E+03	 6.57820E+03	 6.66433E+03	 6.40294E+03
