//Exported ASCII-File
[Header]
FileName = C:\Users\reoml\Desktop\Mestrado\mapa raman\novas medidas\Medidas Raman - Rafael\Medidas Raman - Rafael\GO em substrato metalico (1.0 sem e 0.1 com EDA) - Rafael.WIP
ImageName = Scan_004_Spec.Data 1_F: Min & Max -> Maximum [2827 rel. 1/cm -> 3020.1 rel. 1/cm]
PointsPerLine = 61
LinesPerImage = 61
ScanUnit = µm
ScanWidth = 30
ScanHeight = 30
ScanOriginX = -0.751999974250793
ScanOriginY = 0.504000008106232
ScanOriginZ = 0
DataUnit = CCD cts
[Data]
 1.41433E+03	 2.00239E+03	 1.57331E+03	 1.55870E+03	 1.29507E+03	 1.56794E+03	 1.71832E+03	 1.35283E+03	 1.28829E+03	 1.56685E+03	 1.59396E+03	 1.46950E+03	 1.71298E+03	 1.43794E+03	 1.32004E+03	 1.92731E+03	 1.83281E+03	 2.12876E+03	 1.52439E+03	 1.71332E+03	 1.14895E+03	 1.46657E+03	 1.58286E+03	 1.46308E+03	 1.63450E+03	 1.31255E+03	 1.21590E+03	 1.50781E+03	 1.45134E+03	 1.59101E+03	 1.39527E+03	 1.45401E+03	 1.51978E+03	 1.64346E+03	 1.76166E+03	 1.34940E+03	 1.27697E+03	 1.97468E+03	 1.63203E+03	 1.65868E+03	 1.57669E+03	 1.99084E+03	 1.29488E+03	 1.56016E+03	 1.54082E+03	 1.36159E+03	 1.41523E+03	 1.66662E+03	 2.35869E+03	 2.07233E+03	 1.87486E+03	 1.95395E+03	 1.73895E+03	 1.94762E+03	 2.16849E+03	 1.72752E+03	 1.94631E+03	 1.94130E+03	 1.61317E+03	 2.89547E+03	 2.75995E+03
 1.74299E+03	 1.69326E+03	 1.87806E+03	 1.57612E+03	 1.34686E+03	 1.35625E+03	 1.65583E+03	 1.39306E+03	 9.33833E+02	 1.50888E+03	 1.39097E+03	 1.45212E+03	 1.72451E+03	 1.70887E+03	 1.44343E+03	 1.65225E+03	 2.23305E+03	 1.78077E+03	 1.96735E+03	 1.95546E+03	 2.19043E+03	 1.54286E+03	 1.76856E+03	 2.57798E+03	 1.78470E+03	 1.55968E+03	 1.50883E+03	 1.45526E+03	 1.54549E+03	 1.60627E+03	 1.42380E+03	 1.56349E+03	 1.48112E+03	 1.42456E+03	 1.92512E+03	 1.42112E+03	 1.72615E+03	 1.52075E+03	 1.61520E+03	 1.52715E+03	 1.43109E+03	 1.26010E+03	 1.91098E+03	 1.70437E+03	 1.62049E+03	 1.61931E+03	 1.49814E+03	 1.54266E+03	 1.81501E+03	 2.10608E+03	 2.18426E+03	 2.00923E+03	 1.82019E+03	 2.01508E+03	 1.66306E+03	 1.74017E+03	 1.84248E+03	 1.63679E+03	 1.38816E+03	 1.95648E+03	 2.05452E+03
 1.30380E+03	 1.39828E+03	 1.32198E+03	 1.48461E+03	 1.51358E+03	 1.49851E+03	 1.59072E+03	 1.44711E+03	 1.17248E+03	 1.17713E+03	 1.60993E+03	 1.58838E+03	 1.40997E+03	 1.10244E+03	 1.20580E+03	 1.25644E+03	 1.76542E+03	 1.57524E+03	 1.67577E+03	 1.61775E+03	 1.36372E+03	 1.47733E+03	 1.60886E+03	 1.72998E+03	 1.51430E+03	 1.35896E+03	 2.03617E+03	 1.60612E+03	 1.36421E+03	 1.64531E+03	 1.44021E+03	 1.89061E+03	 2.11744E+03	 1.70686E+03	 1.97025E+03	 1.79578E+03	 1.95332E+03	 1.58521E+03	 1.74825E+03	 1.37804E+03	 1.45403E+03	 1.64110E+03	 1.27949E+03	 1.85352E+03	 1.15578E+03	 1.66597E+03	 1.76668E+03	 1.34439E+03	 1.51548E+03	 1.52473E+03	 1.83797E+03	 1.92857E+03	 1.77062E+03	 1.55325E+03	 1.87733E+03	 2.17916E+03	 1.66436E+03	 1.57458E+03	 1.34532E+03	 1.64901E+03	 1.19046E+03
 1.61162E+03	 1.64795E+03	 1.53232E+03	 1.86488E+03	 2.09944E+03	 1.77191E+03	 1.89115E+03	 1.22429E+03	 1.64990E+03	 1.45431E+03	 1.51356E+03	 1.69223E+03	 1.68644E+03	 1.62306E+03	 1.22019E+03	 1.20849E+03	 1.17567E+03	 1.09116E+03	 1.35819E+03	 1.27435E+03	 1.45800E+03	 1.28167E+03	 1.32980E+03	 1.29993E+03	 1.13534E+03	 1.49972E+03	 1.40834E+03	 1.42913E+03	 1.78606E+03	 1.31057E+03	 1.58257E+03	 1.81294E+03	 1.36153E+03	 1.56516E+03	 1.57826E+03	 1.77900E+03	 1.78935E+03	 1.64082E+03	 1.45230E+03	 1.65929E+03	 1.69021E+03	 1.53842E+03	 1.70944E+03	 1.59296E+03	 1.21336E+03	 1.39477E+03	 1.63455E+03	 1.81366E+03	 1.46475E+03	 1.42889E+03	 1.64774E+03	 2.47764E+03	 1.95708E+03	 1.67220E+03	 1.90269E+03	 1.65417E+03	 1.65917E+03	 1.57684E+03	 1.77577E+03	 1.78748E+03	 1.70733E+03
 1.84843E+03	 1.75181E+03	 1.70953E+03	 1.80753E+03	 1.80631E+03	 2.19422E+03	 2.00882E+03	 1.81017E+03	 1.75264E+03	 1.61911E+03	 1.50740E+03	 1.89530E+03	 1.71703E+03	 1.62313E+03	 1.52698E+03	 1.75254E+03	 1.35013E+03	 1.37851E+03	 1.34740E+03	 1.45662E+03	 1.55925E+03	 1.75069E+03	 1.68846E+03	 1.36420E+03	 1.56613E+03	 1.77520E+03	 1.56482E+03	 1.58683E+03	 1.51739E+03	 1.87386E+03	 2.20724E+03	 1.92625E+03	 1.44479E+03	 1.58491E+03	 1.67224E+03	 1.69549E+03	 2.07425E+03	 1.88426E+03	 1.97065E+03	 1.48370E+03	 1.58463E+03	 1.57544E+03	 1.45612E+03	 1.87254E+03	 1.40785E+03	 1.48236E+03	 1.18492E+03	 1.48825E+03	 2.04734E+03	 2.09229E+03	 2.02054E+03	 1.64373E+03	 1.59248E+03	 1.45048E+03	 1.73058E+03	 1.17939E+03	 1.44722E+03	 1.65023E+03	 1.80078E+03	 1.65069E+03	 1.47858E+03
 1.68283E+03	 1.68105E+03	 1.68727E+03	 1.72130E+03	 1.90501E+03	 1.80257E+03	 2.17648E+03	 1.98393E+03	 1.78920E+03	 1.92476E+03	 1.66382E+03	 1.55281E+03	 1.41599E+03	 1.54876E+03	 1.75987E+03	 1.82106E+03	 1.81475E+03	 1.97792E+03	 1.88991E+03	 1.76428E+03	 1.81660E+03	 1.53746E+03	 1.70668E+03	 1.81175E+03	 1.93925E+03	 1.99923E+03	 1.81058E+03	 1.77765E+03	 1.34429E+03	 1.60759E+03	 2.10959E+03	 1.98014E+03	 2.03489E+03	 1.99169E+03	 1.71310E+03	 1.87606E+03	 1.99092E+03	 2.03877E+03	 2.36625E+03	 1.88441E+03	 1.62049E+03	 1.30054E+03	 1.40557E+03	 1.45391E+03	 1.27341E+03	 1.91442E+03	 2.01960E+03	 1.80681E+03	 2.00728E+03	 1.79075E+03	 1.75497E+03	 1.91110E+03	 2.02066E+03	 1.67917E+03	 1.78638E+03	 1.54620E+03	 1.31246E+03	 1.48648E+03	 1.56246E+03	 2.16012E+03	 2.23353E+03
 1.87537E+03	 2.10829E+03	 2.01796E+03	 1.86999E+03	 1.86242E+03	 2.12831E+03	 2.37149E+03	 2.27243E+03	 2.17373E+03	 2.21324E+03	 2.63977E+03	 1.91423E+03	 1.92857E+03	 1.59819E+03	 1.75847E+03	 1.82805E+03	 2.07630E+03	 1.96279E+03	 2.10418E+03	 2.00024E+03	 1.83716E+03	 1.74995E+03	 1.31796E+03	 1.38702E+03	 1.42021E+03	 1.46476E+03	 1.68930E+03	 1.90956E+03	 1.70976E+03	 2.10673E+03	 2.36458E+03	 2.34563E+03	 1.84456E+03	 2.07740E+03	 2.30348E+03	 2.12951E+03	 2.11447E+03	 2.61996E+03	 2.31326E+03	 2.06208E+03	 2.20195E+03	 1.75715E+03	 1.77722E+03	 1.64219E+03	 1.82777E+03	 1.73269E+03	 1.78087E+03	 1.66277E+03	 2.07019E+03	 2.34922E+03	 1.91247E+03	 2.23030E+03	 1.95652E+03	 1.50764E+03	 1.65743E+03	 1.48190E+03	 1.74424E+03	 1.72084E+03	 1.41069E+03	 1.72933E+03	 1.67824E+03
 1.72893E+03	 2.07771E+03	 1.97936E+03	 1.80174E+03	 1.84642E+03	 1.65358E+03	 1.61961E+03	 1.79088E+03	 2.07809E+03	 1.77336E+03	 1.78780E+03	 1.85084E+03	 1.76425E+03	 2.01788E+03	 1.85346E+03	 1.72994E+03	 1.58708E+03	 1.44550E+03	 1.44195E+03	 1.40500E+03	 1.70180E+03	 1.73146E+03	 1.55295E+03	 1.44780E+03	 1.22663E+03	 1.52638E+03	 1.44340E+03	 1.52837E+03	 1.63911E+03	 1.92800E+03	 2.48450E+03	 2.29272E+03	 2.24566E+03	 1.93322E+03	 2.02507E+03	 2.46162E+03	 2.03139E+03	 1.97330E+03	 1.68190E+03	 1.93359E+03	 1.72436E+03	 1.48496E+03	 1.44375E+03	 1.68458E+03	 2.04171E+03	 1.66571E+03	 2.04098E+03	 1.72968E+03	 2.13002E+03	 2.33922E+03	 2.19959E+03	 2.47086E+03	 2.18914E+03	 1.93406E+03	 1.88180E+03	 2.47533E+03	 2.97452E+03	 2.12321E+03	 1.93089E+03	 1.76854E+03	 1.95770E+03
 1.67995E+03	 1.74482E+03	 1.73073E+03	 1.58527E+03	 1.65333E+03	 1.91091E+03	 1.63888E+03	 1.83261E+03	 1.54457E+03	 1.45276E+03	 1.87246E+03	 1.81397E+03	 1.65777E+03	 2.15626E+03	 1.55480E+03	 1.64621E+03	 1.69865E+03	 1.31748E+03	 1.52127E+03	 1.36940E+03	 1.75378E+03	 1.87038E+03	 2.14813E+03	 1.60016E+03	 1.41679E+03	 1.22001E+03	 1.29682E+03	 1.41617E+03	 1.42734E+03	 1.88294E+03	 1.68241E+03	 1.92784E+03	 2.11957E+03	 2.33386E+03	 2.14337E+03	 1.75190E+03	 1.78467E+03	 2.16666E+03	 2.28124E+03	 2.08279E+03	 2.01013E+03	 2.10906E+03	 1.94486E+03	 1.84964E+03	 2.05358E+03	 2.14091E+03	 2.03770E+03	 1.83883E+03	 2.02659E+03	 2.09128E+03	 1.88902E+03	 2.10867E+03	 1.84715E+03	 2.09351E+03	 2.02824E+03	 1.78915E+03	 1.97609E+03	 2.18416E+03	 2.25428E+03	 1.86281E+03	 2.03463E+03
 1.87656E+03	 1.88397E+03	 1.77901E+03	 1.60159E+03	 1.96002E+03	 2.04291E+03	 1.85664E+03	 1.63380E+03	 1.67676E+03	 1.71052E+03	 1.97738E+03	 2.08044E+03	 1.69542E+03	 1.60678E+03	 1.58412E+03	 1.58036E+03	 1.33901E+03	 1.56013E+03	 1.65172E+03	 1.94785E+03	 1.86540E+03	 1.81328E+03	 1.70373E+03	 1.65502E+03	 1.68270E+03	 1.32577E+03	 1.53310E+03	 1.85168E+03	 1.24991E+03	 1.60406E+03	 1.76835E+03	 1.84229E+03	 2.23550E+03	 2.21479E+03	 2.06010E+03	 1.86316E+03	 1.91157E+03	 1.90321E+03	 1.98376E+03	 1.65327E+03	 1.93308E+03	 2.17924E+03	 1.84554E+03	 1.79811E+03	 2.00818E+03	 1.82679E+03	 1.85098E+03	 1.59777E+03	 1.79860E+03	 1.96838E+03	 1.73302E+03	 1.85366E+03	 1.79247E+03	 1.96530E+03	 1.92076E+03	 2.32297E+03	 2.06458E+03	 2.12526E+03	 2.26991E+03	 2.25590E+03	 2.08140E+03
 1.97622E+03	 1.84537E+03	 1.36634E+03	 1.54209E+03	 1.87815E+03	 1.78185E+03	 1.65048E+03	 1.95561E+03	 1.71114E+03	 1.76892E+03	 1.81150E+03	 1.63367E+03	 1.81486E+03	 1.56502E+03	 1.74483E+03	 1.39716E+03	 1.26004E+03	 1.21501E+03	 1.22950E+03	 1.39932E+03	 1.63612E+03	 1.90859E+03	 1.91952E+03	 1.70329E+03	 1.73065E+03	 1.41813E+03	 1.34899E+03	 1.50747E+03	 1.65537E+03	 1.65901E+03	 1.84230E+03	 1.61492E+03	 1.74610E+03	 1.95062E+03	 2.02896E+03	 2.04165E+03	 1.83741E+03	 1.89007E+03	 1.91527E+03	 1.89780E+03	 2.02592E+03	 1.89280E+03	 1.50329E+03	 1.86391E+03	 1.61779E+03	 1.56784E+03	 1.69630E+03	 1.59807E+03	 1.49550E+03	 1.74500E+03	 1.82924E+03	 1.88694E+03	 2.05663E+03	 2.02753E+03	 1.74502E+03	 1.91918E+03	 2.09577E+03	 1.79208E+03	 1.82256E+03	 1.81148E+03	 2.06072E+03
 1.46881E+03	 1.37895E+03	 1.41762E+03	 1.67167E+03	 1.95541E+03	 1.44846E+03	 1.52652E+03	 1.47907E+03	 1.25716E+03	 1.24306E+03	 1.60829E+03	 1.84520E+03	 1.60409E+03	 1.63551E+03	 1.41958E+03	 1.83066E+03	 2.14205E+03	 1.65060E+03	 1.70197E+03	 1.60044E+03	 1.74060E+03	 1.73908E+03	 1.85791E+03	 2.22249E+03	 2.19463E+03	 1.61328E+03	 1.53091E+03	 1.72695E+03	 1.35316E+03	 1.75013E+03	 1.74034E+03	 1.73604E+03	 1.92976E+03	 1.97730E+03	 1.74375E+03	 1.71831E+03	 1.97474E+03	 1.87515E+03	 1.76268E+03	 1.87046E+03	 1.54401E+03	 1.63930E+03	 1.64917E+03	 1.60110E+03	 1.79354E+03	 1.74850E+03	 1.77911E+03	 1.68804E+03	 1.72492E+03	 1.66638E+03	 1.61276E+03	 1.39372E+03	 1.48421E+03	 1.52522E+03	 1.55829E+03	 1.89791E+03	 1.99216E+03	 1.52611E+03	 1.92415E+03	 1.93698E+03	 1.70050E+03
 2.08290E+03	 1.82188E+03	 1.72381E+03	 1.76010E+03	 1.47552E+03	 1.96855E+03	 1.99570E+03	 2.19984E+03	 1.86783E+03	 1.66114E+03	 1.67261E+03	 1.97952E+03	 2.10714E+03	 1.84852E+03	 1.89560E+03	 1.53609E+03	 1.55606E+03	 2.08510E+03	 1.76169E+03	 1.75969E+03	 1.56124E+03	 1.27478E+03	 1.61527E+03	 1.99348E+03	 1.57292E+03	 1.66215E+03	 1.49195E+03	 1.38765E+03	 1.52198E+03	 1.57435E+03	 1.53117E+03	 1.86369E+03	 1.62199E+03	 1.50955E+03	 1.73800E+03	 1.87904E+03	 1.84764E+03	 1.68667E+03	 1.60504E+03	 1.80056E+03	 1.85339E+03	 1.99814E+03	 1.74179E+03	 1.44606E+03	 1.56663E+03	 1.72513E+03	 1.95828E+03	 1.94242E+03	 1.54099E+03	 1.70998E+03	 1.69046E+03	 1.42289E+03	 1.39796E+03	 1.30804E+03	 1.34429E+03	 1.39718E+03	 1.77333E+03	 2.03917E+03	 1.84417E+03	 1.39491E+03	 1.43765E+03
 1.80615E+03	 1.33873E+03	 1.59282E+03	 1.74592E+03	 1.82892E+03	 1.60953E+03	 1.60060E+03	 2.00169E+03	 1.57216E+03	 1.95488E+03	 2.38049E+03	 1.49069E+03	 1.89048E+03	 1.75887E+03	 1.47229E+03	 1.55289E+03	 1.37244E+03	 1.62538E+03	 1.39202E+03	 1.84772E+03	 1.56842E+03	 1.70295E+03	 1.98929E+03	 1.75153E+03	 1.68765E+03	 1.59587E+03	 1.57177E+03	 1.75219E+03	 1.31999E+03	 1.56387E+03	 1.41064E+03	 1.32369E+03	 1.28399E+03	 1.44545E+03	 1.66546E+03	 1.49325E+03	 1.59265E+03	 1.80458E+03	 1.55414E+03	 1.66336E+03	 1.81126E+03	 2.17700E+03	 2.04281E+03	 1.55145E+03	 1.51072E+03	 1.79816E+03	 1.71046E+03	 1.68187E+03	 1.71196E+03	 1.62461E+03	 1.76157E+03	 1.71513E+03	 1.45906E+03	 1.71298E+03	 1.86935E+03	 2.02371E+03	 1.56051E+03	 1.41175E+03	 1.57004E+03	 1.32532E+03	 1.39121E+03
 1.44753E+03	 1.27577E+03	 1.54246E+03	 1.61285E+03	 1.34928E+03	 1.48743E+03	 1.35751E+03	 1.34064E+03	 1.41792E+03	 1.62941E+03	 1.97669E+03	 1.65359E+03	 1.51406E+03	 1.86565E+03	 1.54293E+03	 1.36467E+03	 1.65421E+03	 1.72457E+03	 1.92166E+03	 1.72470E+03	 1.68286E+03	 1.85442E+03	 1.50616E+03	 1.61402E+03	 1.84624E+03	 1.88665E+03	 1.96703E+03	 1.86968E+03	 1.86297E+03	 1.74632E+03	 1.49051E+03	 1.49135E+03	 1.45371E+03	 1.32308E+03	 1.52415E+03	 1.59558E+03	 1.61037E+03	 1.36433E+03	 1.51124E+03	 1.65642E+03	 1.41441E+03	 2.15220E+03	 1.55936E+03	 1.56623E+03	 1.64637E+03	 1.89740E+03	 1.85090E+03	 1.99329E+03	 1.92000E+03	 1.97195E+03	 1.37132E+03	 1.65706E+03	 1.55413E+03	 1.57464E+03	 1.48745E+03	 1.68799E+03	 2.05299E+03	 1.95438E+03	 1.86797E+03	 1.64193E+03	 1.67806E+03
 1.29184E+03	 1.63905E+03	 1.47941E+03	 1.62809E+03	 1.40767E+03	 1.81502E+03	 1.30154E+03	 1.55884E+03	 1.24757E+03	 1.45470E+03	 1.57824E+03	 1.35393E+03	 1.44894E+03	 1.33098E+03	 1.38533E+03	 1.27300E+03	 1.25897E+03	 1.27881E+03	 1.68508E+03	 1.47363E+03	 1.76879E+03	 2.14842E+03	 1.38852E+03	 1.65347E+03	 1.46011E+03	 1.27379E+03	 1.57574E+03	 1.35480E+03	 1.59334E+03	 1.46634E+03	 1.76258E+03	 1.57793E+03	 1.82583E+03	 1.63819E+03	 1.32867E+03	 1.54059E+03	 1.30703E+03	 1.18780E+03	 1.63407E+03	 1.91860E+03	 1.82327E+03	 2.11810E+03	 1.62534E+03	 1.81649E+03	 1.95761E+03	 2.00243E+03	 1.78503E+03	 1.81128E+03	 1.76971E+03	 1.72270E+03	 1.47180E+03	 1.56154E+03	 1.97707E+03	 1.85120E+03	 2.04708E+03	 1.97849E+03	 1.61816E+03	 1.73060E+03	 1.75273E+03	 1.75136E+03	 1.66356E+03
 1.62244E+03	 1.75226E+03	 1.53250E+03	 1.83786E+03	 2.09488E+03	 1.55468E+03	 1.76665E+03	 1.78500E+03	 1.61253E+03	 1.28357E+03	 1.45761E+03	 1.75504E+03	 1.53548E+03	 1.46353E+03	 1.79693E+03	 2.02344E+03	 1.53258E+03	 1.40038E+03	 1.27713E+03	 1.51471E+03	 1.70064E+03	 1.28661E+03	 1.50543E+03	 1.46432E+03	 2.06737E+03	 1.44714E+03	 1.86990E+03	 1.86437E+03	 1.57763E+03	 1.90405E+03	 1.54155E+03	 1.66080E+03	 2.08909E+03	 1.59249E+03	 1.55760E+03	 1.79835E+03	 1.88924E+03	 2.09518E+03	 1.89279E+03	 1.74919E+03	 2.30848E+03	 2.10608E+03	 1.97556E+03	 1.77761E+03	 1.63579E+03	 1.80067E+03	 1.70910E+03	 1.80100E+03	 1.62955E+03	 1.58314E+03	 1.86580E+03	 2.18975E+03	 1.77559E+03	 1.63512E+03	 2.23574E+03	 1.77526E+03	 1.96946E+03	 1.80903E+03	 2.52464E+03	 1.84908E+03	 1.89077E+03
 1.70952E+03	 1.84146E+03	 1.55343E+03	 1.55432E+03	 1.93458E+03	 1.75683E+03	 1.47650E+03	 1.63754E+03	 1.87911E+03	 2.23898E+03	 1.86790E+03	 1.77021E+03	 1.68299E+03	 1.72461E+03	 1.75747E+03	 1.82668E+03	 1.59362E+03	 1.91421E+03	 2.18183E+03	 1.73673E+03	 1.45318E+03	 1.77163E+03	 1.66301E+03	 1.46673E+03	 1.77103E+03	 1.96947E+03	 2.03557E+03	 1.87925E+03	 2.07557E+03	 2.51502E+03	 1.92367E+03	 2.07666E+03	 1.70709E+03	 1.85845E+03	 1.78526E+03	 1.65566E+03	 2.04741E+03	 2.11259E+03	 1.87438E+03	 2.51679E+03	 1.85907E+03	 1.71099E+03	 1.87323E+03	 2.04580E+03	 1.85749E+03	 1.83013E+03	 1.71090E+03	 1.60050E+03	 1.34476E+03	 1.62063E+03	 1.74727E+03	 1.63464E+03	 2.11642E+03	 2.05681E+03	 1.68137E+03	 1.88126E+03	 1.80638E+03	 1.82721E+03	 2.10403E+03	 1.77109E+03	 2.10786E+03
 1.72466E+03	 1.87692E+03	 1.63854E+03	 1.46062E+03	 1.49265E+03	 1.93769E+03	 1.63165E+03	 1.66082E+03	 1.66114E+03	 1.72581E+03	 1.85703E+03	 1.76671E+03	 1.32124E+03	 1.47680E+03	 1.65264E+03	 1.35844E+03	 1.79533E+03	 1.84417E+03	 1.55358E+03	 1.29581E+03	 1.20477E+03	 1.25738E+03	 1.51234E+03	 1.77316E+03	 2.10706E+03	 2.15934E+03	 1.86892E+03	 2.32485E+03	 1.92760E+03	 1.98837E+03	 1.68264E+03	 1.58960E+03	 1.64917E+03	 1.71588E+03	 1.79208E+03	 2.27347E+03	 2.00232E+03	 1.95273E+03	 1.73018E+03	 1.34794E+03	 1.68093E+03	 1.94796E+03	 1.51132E+03	 1.88949E+03	 1.57911E+03	 1.34426E+03	 1.33278E+03	 1.23373E+03	 1.63422E+03	 1.17433E+03	 1.31146E+03	 1.49101E+03	 1.60156E+03	 1.97482E+03	 1.26821E+03	 1.33318E+03	 1.80169E+03	 1.33520E+03	 1.47841E+03	 1.49177E+03	 1.41897E+03
 1.41661E+03	 1.77191E+03	 1.79072E+03	 1.79649E+03	 1.64810E+03	 1.58771E+03	 1.40912E+03	 1.51300E+03	 1.59834E+03	 1.81365E+03	 1.32377E+03	 1.47778E+03	 1.83445E+03	 1.57699E+03	 1.39792E+03	 1.71127E+03	 1.40927E+03	 1.53823E+03	 1.78405E+03	 1.31782E+03	 1.79079E+03	 1.39132E+03	 1.52812E+03	 1.61540E+03	 1.91536E+03	 2.52246E+03	 2.04928E+03	 2.05958E+03	 2.15053E+03	 1.97854E+03	 2.03251E+03	 2.15634E+03	 2.15741E+03	 2.40812E+03	 2.28467E+03	 2.07793E+03	 2.11705E+03	 1.73414E+03	 1.93179E+03	 1.54952E+03	 2.18524E+03	 2.09519E+03	 1.94256E+03	 1.60058E+03	 1.60818E+03	 1.32364E+03	 1.56287E+03	 1.56625E+03	 1.47343E+03	 1.63978E+03	 1.73437E+03	 1.42389E+03	 2.37868E+03	 1.91227E+03	 1.84067E+03	 1.63700E+03	 1.59247E+03	 1.73806E+03	 1.78240E+03	 1.39046E+03	 1.61167E+03
 1.11611E+03	 1.08898E+03	 1.60377E+03	 1.47486E+03	 1.36959E+03	 1.65940E+03	 1.40986E+03	 1.44376E+03	 1.23195E+03	 1.51510E+03	 1.53512E+03	 1.75287E+03	 1.99433E+03	 1.72398E+03	 1.74052E+03	 1.45463E+03	 1.63309E+03	 1.26920E+03	 1.78997E+03	 1.96259E+03	 1.47712E+03	 1.48281E+03	 1.71352E+03	 1.85423E+03	 2.15793E+03	 2.41752E+03	 2.39848E+03	 2.08575E+03	 1.98610E+03	 2.15428E+03	 1.80089E+03	 1.90595E+03	 1.95698E+03	 2.15538E+03	 1.87015E+03	 2.02918E+03	 1.85529E+03	 1.92844E+03	 1.88510E+03	 1.63940E+03	 2.08661E+03	 1.89988E+03	 1.66260E+03	 1.59103E+03	 1.70219E+03	 1.68266E+03	 1.75830E+03	 1.92744E+03	 2.24362E+03	 1.50900E+03	 1.57534E+03	 1.95993E+03	 1.88529E+03	 1.96808E+03	 1.99735E+03	 1.80023E+03	 2.24243E+03	 2.03767E+03	 1.71650E+03	 1.65020E+03	 1.68480E+03
 1.37396E+03	 1.90042E+03	 1.64844E+03	 1.90508E+03	 1.70637E+03	 1.53747E+03	 1.56861E+03	 1.60456E+03	 1.79801E+03	 1.58711E+03	 1.70305E+03	 1.46103E+03	 1.61619E+03	 1.63693E+03	 1.55786E+03	 1.49738E+03	 1.47943E+03	 1.14023E+03	 1.21138E+03	 1.22687E+03	 1.37713E+03	 1.52193E+03	 1.32272E+03	 1.61709E+03	 1.90225E+03	 1.83796E+03	 1.68244E+03	 2.18187E+03	 1.91366E+03	 1.83973E+03	 1.67300E+03	 1.99190E+03	 1.63936E+03	 2.61437E+03	 1.64506E+03	 1.74855E+03	 2.01869E+03	 1.97055E+03	 2.38313E+03	 1.74224E+03	 1.73562E+03	 1.59443E+03	 1.57331E+03	 1.74004E+03	 1.91156E+03	 1.74482E+03	 1.54498E+03	 1.73026E+03	 1.43204E+03	 2.03291E+03	 1.96254E+03	 1.52548E+03	 1.95035E+03	 1.74674E+03	 1.53472E+03	 1.76386E+03	 1.68056E+03	 1.82936E+03	 1.98378E+03	 1.77675E+03	 1.51859E+03
 1.69612E+03	 1.86541E+03	 1.71396E+03	 1.34943E+03	 1.37252E+03	 1.30860E+03	 1.40250E+03	 1.64244E+03	 1.61228E+03	 1.86008E+03	 1.71633E+03	 1.73660E+03	 1.63485E+03	 1.76844E+03	 1.85524E+03	 1.73093E+03	 1.32076E+03	 1.38537E+03	 1.36522E+03	 1.09334E+03	 1.34043E+03	 1.37245E+03	 1.72791E+03	 1.93369E+03	 1.54118E+03	 1.48302E+03	 1.70672E+03	 1.40443E+03	 1.85029E+03	 1.75209E+03	 1.70315E+03	 1.54722E+03	 1.64651E+03	 1.32917E+03	 1.61987E+03	 1.56471E+03	 2.13841E+03	 2.05512E+03	 2.18634E+03	 2.01906E+03	 1.86318E+03	 1.84582E+03	 1.91498E+03	 1.69153E+03	 1.67794E+03	 1.58918E+03	 1.35363E+03	 1.97730E+03	 1.60369E+03	 1.31236E+03	 1.54326E+03	 1.84729E+03	 1.73419E+03	 1.35268E+03	 1.69839E+03	 1.75921E+03	 1.99843E+03	 1.80058E+03	 1.74807E+03	 1.49639E+03	 1.51911E+03
 1.46648E+03	 1.19561E+03	 1.44955E+03	 1.33725E+03	 1.35511E+03	 1.36083E+03	 1.46719E+03	 1.46514E+03	 1.71347E+03	 1.53210E+03	 1.25606E+03	 1.42084E+03	 1.80021E+03	 1.85764E+03	 1.71531E+03	 1.33671E+03	 1.15734E+03	 1.23292E+03	 1.25926E+03	 1.50073E+03	 1.44238E+03	 1.34014E+03	 1.42623E+03	 1.32922E+03	 1.78515E+03	 1.51289E+03	 1.48086E+03	 1.50464E+03	 1.38639E+03	 1.69871E+03	 1.66188E+03	 1.81344E+03	 1.77782E+03	 1.65052E+03	 1.55143E+03	 1.62891E+03	 1.97474E+03	 1.71071E+03	 1.88560E+03	 2.26575E+03	 1.45899E+03	 1.27008E+03	 1.79769E+03	 1.58350E+03	 1.38301E+03	 1.40856E+03	 1.45390E+03	 1.39209E+03	 1.35818E+03	 1.41811E+03	 1.66783E+03	 1.58182E+03	 1.47447E+03	 1.80033E+03	 1.61735E+03	 1.48586E+03	 1.57126E+03	 1.77604E+03	 1.36048E+03	 1.59251E+03	 1.59717E+03
 1.77254E+03	 1.55412E+03	 1.27318E+03	 1.41630E+03	 1.54433E+03	 1.42775E+03	 1.46258E+03	 1.23526E+03	 1.21959E+03	 1.40118E+03	 1.54555E+03	 1.36189E+03	 1.70653E+03	 1.60780E+03	 1.67776E+03	 1.76786E+03	 1.50962E+03	 1.76061E+03	 1.53279E+03	 1.59315E+03	 1.31752E+03	 1.42641E+03	 1.52766E+03	 1.35864E+03	 1.49217E+03	 1.52257E+03	 1.54717E+03	 1.60453E+03	 1.96899E+03	 1.62664E+03	 1.70307E+03	 1.67855E+03	 2.00168E+03	 2.25600E+03	 1.90432E+03	 1.53743E+03	 1.95619E+03	 1.84127E+03	 1.70355E+03	 1.68019E+03	 1.61830E+03	 1.66432E+03	 1.79258E+03	 1.41871E+03	 1.55316E+03	 1.52714E+03	 2.08862E+03	 1.49175E+03	 1.47747E+03	 1.40058E+03	 1.44816E+03	 1.37625E+03	 1.38737E+03	 1.30274E+03	 1.59986E+03	 1.30641E+03	 1.53568E+03	 1.47558E+03	 1.43062E+03	 1.48490E+03	 1.63824E+03
 1.84699E+03	 1.48344E+03	 1.49792E+03	 1.67581E+03	 1.24708E+03	 1.60508E+03	 1.67531E+03	 1.52661E+03	 1.40425E+03	 1.42300E+03	 1.21083E+03	 1.38788E+03	 1.37869E+03	 1.43294E+03	 1.21286E+03	 1.28560E+03	 1.57746E+03	 1.52393E+03	 1.62083E+03	 1.69318E+03	 1.72005E+03	 1.33450E+03	 1.38917E+03	 1.72500E+03	 1.59302E+03	 1.53503E+03	 1.65016E+03	 1.87614E+03	 1.54203E+03	 1.83998E+03	 1.83595E+03	 1.73223E+03	 2.03384E+03	 1.75760E+03	 1.61076E+03	 1.65532E+03	 1.56246E+03	 1.60977E+03	 1.71732E+03	 1.43842E+03	 1.74374E+03	 1.54961E+03	 1.43312E+03	 1.66204E+03	 1.67684E+03	 1.60240E+03	 1.48033E+03	 1.63789E+03	 1.49188E+03	 1.66431E+03	 1.86344E+03	 1.50675E+03	 1.23944E+03	 1.63720E+03	 1.42397E+03	 1.25882E+03	 1.58239E+03	 1.73906E+03	 1.88801E+03	 1.55547E+03	 1.68252E+03
 1.20744E+03	 1.61762E+03	 1.47844E+03	 1.44974E+03	 1.35608E+03	 1.32668E+03	 1.29190E+03	 1.30438E+03	 1.28053E+03	 1.37477E+03	 1.09600E+03	 1.37678E+03	 1.21934E+03	 1.32699E+03	 1.29233E+03	 1.32893E+03	 1.73002E+03	 1.30721E+03	 1.64401E+03	 1.62020E+03	 1.43772E+03	 1.52420E+03	 1.48081E+03	 1.37413E+03	 1.38746E+03	 1.68118E+03	 1.50153E+03	 1.77252E+03	 1.54322E+03	 1.57072E+03	 1.79018E+03	 1.82899E+03	 1.58871E+03	 1.54914E+03	 1.57746E+03	 1.86834E+03	 1.75528E+03	 1.52361E+03	 1.55162E+03	 1.53696E+03	 1.36865E+03	 1.66775E+03	 1.63309E+03	 1.90341E+03	 2.05331E+03	 1.82530E+03	 2.02706E+03	 1.78971E+03	 1.69305E+03	 2.01693E+03	 1.64110E+03	 1.46026E+03	 1.69339E+03	 1.66427E+03	 1.43831E+03	 1.43931E+03	 1.73513E+03	 1.67520E+03	 1.91344E+03	 1.75148E+03	 2.05375E+03
 1.90295E+03	 1.65337E+03	 1.71886E+03	 1.82687E+03	 1.39826E+03	 1.26474E+03	 1.19924E+03	 1.52682E+03	 1.47305E+03	 1.44843E+03	 1.41048E+03	 1.52646E+03	 1.53284E+03	 1.34296E+03	 1.02520E+03	 1.24319E+03	 1.72744E+03	 1.70146E+03	 1.44830E+03	 1.37815E+03	 1.48959E+03	 1.30368E+03	 1.33344E+03	 1.49557E+03	 1.77597E+03	 1.65778E+03	 1.60423E+03	 1.46471E+03	 1.60651E+03	 1.72785E+03	 1.70577E+03	 1.78871E+03	 1.61262E+03	 1.36779E+03	 1.46214E+03	 1.41742E+03	 1.61099E+03	 1.38490E+03	 1.30103E+03	 1.28822E+03	 1.19664E+03	 1.06292E+03	 1.54756E+03	 1.35663E+03	 1.57937E+03	 2.12444E+03	 1.66278E+03	 2.16405E+03	 1.72435E+03	 1.79179E+03	 1.92981E+03	 1.93508E+03	 1.54460E+03	 1.39722E+03	 1.56742E+03	 1.34415E+03	 1.38154E+03	 1.37662E+03	 1.40360E+03	 1.59318E+03	 1.84822E+03
 1.64831E+03	 1.97309E+03	 1.78465E+03	 1.77813E+03	 1.68732E+03	 1.49406E+03	 1.45601E+03	 1.53847E+03	 1.39991E+03	 1.49284E+03	 1.68551E+03	 1.61643E+03	 1.20031E+03	 1.26374E+03	 1.40987E+03	 1.32232E+03	 1.41374E+03	 1.58662E+03	 1.74279E+03	 1.73204E+03	 1.55958E+03	 1.35341E+03	 1.65913E+03	 1.39876E+03	 1.50331E+03	 1.73067E+03	 1.58795E+03	 1.39229E+03	 1.46235E+03	 1.72723E+03	 1.65639E+03	 1.61394E+03	 1.66282E+03	 1.53477E+03	 1.59530E+03	 1.31269E+03	 1.38434E+03	 1.35697E+03	 1.66143E+03	 1.32801E+03	 1.25224E+03	 1.18173E+03	 1.13170E+03	 1.20042E+03	 1.33844E+03	 1.49620E+03	 1.92655E+03	 1.91699E+03	 1.83878E+03	 1.75035E+03	 2.02700E+03	 1.75295E+03	 1.65572E+03	 1.27891E+03	 1.35016E+03	 1.57901E+03	 1.43556E+03	 1.48254E+03	 1.56374E+03	 1.35378E+03	 1.27544E+03
 2.07646E+03	 2.13359E+03	 1.80459E+03	 1.93522E+03	 1.74391E+03	 1.47772E+03	 1.49390E+03	 1.45987E+03	 1.70747E+03	 1.55904E+03	 1.65216E+03	 1.71232E+03	 1.75017E+03	 1.40661E+03	 1.34248E+03	 1.31105E+03	 1.91499E+03	 1.72609E+03	 1.99854E+03	 1.63249E+03	 1.70698E+03	 1.54114E+03	 1.62462E+03	 2.09048E+03	 1.74906E+03	 1.69350E+03	 1.56218E+03	 1.87942E+03	 1.84948E+03	 1.72629E+03	 1.52902E+03	 1.16696E+03	 1.30920E+03	 1.21164E+03	 1.52751E+03	 1.45351E+03	 1.32456E+03	 1.23154E+03	 1.05590E+03	 1.25503E+03	 1.43511E+03	 1.17335E+03	 1.14247E+03	 1.28092E+03	 1.51375E+03	 1.70527E+03	 1.71241E+03	 1.90611E+03	 1.83163E+03	 2.05118E+03	 1.94885E+03	 1.60996E+03	 1.43747E+03	 1.76514E+03	 1.72462E+03	 1.85870E+03	 1.62434E+03	 1.58870E+03	 1.59582E+03	 1.47328E+03	 1.61608E+03
 1.98427E+03	 2.18073E+03	 1.92767E+03	 1.86463E+03	 1.83800E+03	 1.49230E+03	 1.67262E+03	 1.61602E+03	 1.59659E+03	 1.41801E+03	 1.36334E+03	 1.53996E+03	 1.39550E+03	 1.70155E+03	 1.78214E+03	 1.57234E+03	 1.66663E+03	 1.64125E+03	 1.70678E+03	 1.58954E+03	 1.94888E+03	 1.72637E+03	 1.59522E+03	 1.71180E+03	 1.88571E+03	 1.77601E+03	 1.52872E+03	 1.49875E+03	 1.50679E+03	 1.46567E+03	 1.42876E+03	 1.36332E+03	 1.56733E+03	 1.36900E+03	 1.11338E+03	 1.13897E+03	 1.21367E+03	 1.18446E+03	 1.10493E+03	 1.61585E+03	 1.69764E+03	 1.66835E+03	 1.43460E+03	 1.47784E+03	 1.56998E+03	 1.57669E+03	 1.53517E+03	 1.57184E+03	 1.69890E+03	 1.82761E+03	 2.07383E+03	 1.59741E+03	 1.52242E+03	 1.66529E+03	 1.98137E+03	 2.11784E+03	 2.18663E+03	 1.73825E+03	 1.41449E+03	 1.65479E+03	 1.87531E+03
 2.04090E+03	 1.81834E+03	 2.02801E+03	 2.05260E+03	 1.77946E+03	 1.66453E+03	 1.54935E+03	 1.70523E+03	 1.67464E+03	 1.72062E+03	 1.84238E+03	 1.48874E+03	 1.68237E+03	 1.93193E+03	 1.45917E+03	 1.28828E+03	 1.32298E+03	 1.64367E+03	 1.55132E+03	 1.72478E+03	 1.97141E+03	 1.78650E+03	 1.52875E+03	 1.62968E+03	 1.55857E+03	 1.60382E+03	 1.89183E+03	 1.72264E+03	 1.27046E+03	 1.52545E+03	 1.50896E+03	 1.28835E+03	 1.58367E+03	 1.69589E+03	 1.82253E+03	 1.30758E+03	 1.38060E+03	 1.34625E+03	 1.63342E+03	 1.50916E+03	 1.46454E+03	 1.76663E+03	 1.53220E+03	 1.81612E+03	 1.66641E+03	 1.64564E+03	 1.68211E+03	 1.93974E+03	 1.93529E+03	 2.06475E+03	 1.86595E+03	 1.88997E+03	 1.93307E+03	 1.98179E+03	 2.40844E+03	 2.14737E+03	 1.78873E+03	 1.91282E+03	 2.04773E+03	 1.90188E+03	 1.93309E+03
 1.64735E+03	 1.74198E+03	 1.73387E+03	 1.74080E+03	 1.53738E+03	 1.53921E+03	 1.42920E+03	 1.64226E+03	 1.52361E+03	 1.36176E+03	 1.45930E+03	 1.57071E+03	 1.39453E+03	 1.22215E+03	 1.37194E+03	 1.58292E+03	 1.19139E+03	 1.11897E+03	 1.32202E+03	 1.22607E+03	 1.54424E+03	 1.44090E+03	 1.39030E+03	 1.24032E+03	 1.36528E+03	 1.30046E+03	 1.38450E+03	 1.41291E+03	 1.23376E+03	 1.22834E+03	 1.21610E+03	 1.46693E+03	 1.61333E+03	 1.62043E+03	 1.40524E+03	 1.51537E+03	 1.40897E+03	 1.48654E+03	 1.74415E+03	 1.70423E+03	 1.57177E+03	 1.37951E+03	 1.50615E+03	 1.69929E+03	 1.59973E+03	 1.51190E+03	 1.73431E+03	 2.04623E+03	 1.90946E+03	 2.26362E+03	 2.34963E+03	 2.22815E+03	 2.00805E+03	 2.15113E+03	 2.25918E+03	 1.84324E+03	 1.68577E+03	 1.80859E+03	 1.47056E+03	 1.59023E+03	 1.71255E+03
 1.88081E+03	 1.54577E+03	 1.83099E+03	 1.65603E+03	 1.87387E+03	 2.00895E+03	 2.20321E+03	 1.94301E+03	 1.78451E+03	 1.84677E+03	 1.91591E+03	 1.82104E+03	 1.82157E+03	 1.74903E+03	 2.04042E+03	 1.85398E+03	 1.49173E+03	 1.96879E+03	 1.81791E+03	 2.03147E+03	 1.51220E+03	 1.67895E+03	 1.60304E+03	 1.87983E+03	 1.83317E+03	 1.43500E+03	 1.70524E+03	 1.52953E+03	 1.70578E+03	 1.43973E+03	 1.63289E+03	 1.72184E+03	 1.46907E+03	 2.06303E+03	 1.82127E+03	 2.02107E+03	 1.75476E+03	 1.94489E+03	 2.04965E+03	 1.95738E+03	 1.85048E+03	 1.80591E+03	 1.69087E+03	 2.09695E+03	 2.06662E+03	 1.86536E+03	 1.72065E+03	 1.96724E+03	 1.94750E+03	 1.80203E+03	 1.78089E+03	 1.80764E+03	 1.89222E+03	 2.10237E+03	 1.86171E+03	 2.03811E+03	 1.70793E+03	 1.86281E+03	 1.89727E+03	 1.60315E+03	 1.68876E+03
 1.53687E+03	 1.42471E+03	 1.82274E+03	 1.48211E+03	 1.54196E+03	 1.61878E+03	 1.27688E+03	 1.55657E+03	 1.73273E+03	 1.63426E+03	 1.76078E+03	 1.44514E+03	 1.47600E+03	 1.36838E+03	 1.43423E+03	 1.45794E+03	 1.57012E+03	 1.33721E+03	 1.31603E+03	 1.49092E+03	 1.42375E+03	 1.57078E+03	 1.53417E+03	 1.57216E+03	 1.65187E+03	 1.41054E+03	 2.05724E+03	 1.47531E+03	 1.65169E+03	 2.03826E+03	 2.09238E+03	 1.77074E+03	 1.64966E+03	 1.93287E+03	 1.36064E+03	 1.66737E+03	 1.75477E+03	 1.62927E+03	 1.70292E+03	 1.64781E+03	 1.79524E+03	 1.66087E+03	 2.02208E+03	 2.12016E+03	 2.02495E+03	 1.92488E+03	 1.81716E+03	 1.74495E+03	 1.82543E+03	 2.15125E+03	 1.95894E+03	 2.46842E+03	 1.77266E+03	 1.59569E+03	 2.10943E+03	 2.24633E+03	 2.43153E+03	 2.19043E+03	 1.63146E+03	 1.66501E+03	 1.42602E+03
 1.83625E+03	 1.66311E+03	 1.74612E+03	 1.68869E+03	 1.81660E+03	 1.51451E+03	 1.63601E+03	 1.51565E+03	 1.57129E+03	 1.77895E+03	 1.95177E+03	 1.89688E+03	 1.76379E+03	 1.44373E+03	 1.49958E+03	 1.13751E+03	 1.44858E+03	 1.63476E+03	 1.50284E+03	 1.36073E+03	 1.35519E+03	 1.30732E+03	 1.60186E+03	 1.61392E+03	 1.82199E+03	 1.70878E+03	 1.79166E+03	 1.41962E+03	 1.70989E+03	 1.91756E+03	 1.79371E+03	 1.86862E+03	 1.44648E+03	 1.51015E+03	 1.42635E+03	 1.70758E+03	 1.79378E+03	 1.87220E+03	 1.77289E+03	 2.07872E+03	 1.71408E+03	 1.76806E+03	 1.82336E+03	 1.91406E+03	 2.08044E+03	 1.75768E+03	 1.98487E+03	 2.19076E+03	 2.10753E+03	 2.32672E+03	 1.99481E+03	 2.00631E+03	 1.88794E+03	 2.32512E+03	 2.18759E+03	 1.89325E+03	 2.17160E+03	 1.96659E+03	 1.48635E+03	 1.91607E+03	 2.14791E+03
 2.08835E+03	 2.06615E+03	 1.90469E+03	 1.66056E+03	 1.81473E+03	 1.85547E+03	 2.07901E+03	 1.80936E+03	 1.62322E+03	 1.47766E+03	 1.73541E+03	 1.68516E+03	 1.30055E+03	 1.52779E+03	 1.21274E+03	 1.54402E+03	 1.65114E+03	 1.76923E+03	 1.71974E+03	 1.46311E+03	 1.81289E+03	 1.45506E+03	 1.49506E+03	 1.31134E+03	 1.39698E+03	 1.44470E+03	 1.44204E+03	 1.35269E+03	 1.49161E+03	 2.04372E+03	 1.83170E+03	 1.78293E+03	 1.58060E+03	 1.83906E+03	 1.91230E+03	 1.85638E+03	 1.92676E+03	 1.80696E+03	 1.43574E+03	 1.24928E+03	 1.27651E+03	 1.46490E+03	 1.59590E+03	 1.61132E+03	 1.34871E+03	 1.58010E+03	 1.37104E+03	 1.51148E+03	 1.98178E+03	 1.81890E+03	 1.55175E+03	 1.45749E+03	 2.12489E+03	 1.92954E+03	 1.82749E+03	 1.92913E+03	 1.65123E+03	 1.86523E+03	 1.66357E+03	 1.51929E+03	 1.33188E+03
 1.96355E+03	 1.71297E+03	 1.83677E+03	 1.71315E+03	 1.67151E+03	 2.04071E+03	 1.70363E+03	 1.61233E+03	 1.78589E+03	 1.31851E+03	 1.52449E+03	 1.84700E+03	 1.66487E+03	 1.60020E+03	 1.55336E+03	 1.77343E+03	 1.76834E+03	 1.76055E+03	 1.72459E+03	 1.54101E+03	 1.33201E+03	 1.42261E+03	 1.69440E+03	 1.55991E+03	 1.75580E+03	 1.64267E+03	 1.45080E+03	 2.01885E+03	 1.83900E+03	 1.91994E+03	 2.04364E+03	 1.87322E+03	 1.82416E+03	 1.60417E+03	 1.70235E+03	 1.67656E+03	 2.03008E+03	 2.00900E+03	 1.71333E+03	 1.67773E+03	 2.34307E+03	 1.47160E+03	 1.77854E+03	 1.80886E+03	 2.03336E+03	 2.33828E+03	 2.09379E+03	 1.81880E+03	 1.58069E+03	 1.62371E+03	 1.97630E+03	 1.80978E+03	 1.93003E+03	 2.00299E+03	 2.25015E+03	 2.20305E+03	 1.79600E+03	 1.87763E+03	 1.51452E+03	 1.67665E+03	 2.07580E+03
 1.86468E+03	 1.98577E+03	 1.85012E+03	 1.88360E+03	 1.71511E+03	 1.80914E+03	 1.97293E+03	 1.79630E+03	 1.82799E+03	 1.63802E+03	 1.57927E+03	 1.44579E+03	 1.35687E+03	 1.54556E+03	 1.73047E+03	 1.33898E+03	 1.51215E+03	 1.81381E+03	 1.81470E+03	 1.38962E+03	 1.28359E+03	 1.62266E+03	 1.66451E+03	 1.77969E+03	 2.16152E+03	 2.10350E+03	 2.52420E+03	 2.18231E+03	 2.16249E+03	 1.91521E+03	 2.04690E+03	 2.33473E+03	 1.81546E+03	 2.19264E+03	 1.59583E+03	 1.87412E+03	 2.02939E+03	 1.85577E+03	 1.88783E+03	 1.83165E+03	 1.85290E+03	 1.94851E+03	 1.62621E+03	 1.65288E+03	 2.16982E+03	 2.56112E+03	 2.48389E+03	 2.41166E+03	 2.02256E+03	 2.27249E+03	 1.84302E+03	 2.05861E+03	 1.86638E+03	 1.85572E+03	 1.75692E+03	 2.03755E+03	 1.91695E+03	 1.80539E+03	 1.69696E+03	 1.72868E+03	 2.01814E+03
 2.11432E+03	 1.71334E+03	 1.76626E+03	 2.03011E+03	 1.84083E+03	 1.64233E+03	 1.65500E+03	 1.33926E+03	 2.00562E+03	 1.63550E+03	 1.56508E+03	 1.44390E+03	 9.90929E+02	 1.36000E+03	 1.40804E+03	 1.26125E+03	 1.38019E+03	 1.12773E+03	 1.47159E+03	 1.09587E+03	 1.31058E+03	 1.30390E+03	 1.69214E+03	 1.85109E+03	 1.90799E+03	 1.49989E+03	 2.18305E+03	 1.97471E+03	 2.38794E+03	 2.20889E+03	 2.16996E+03	 1.58410E+03	 2.26240E+03	 1.57004E+03	 1.40738E+03	 1.82169E+03	 1.99546E+03	 1.88632E+03	 1.95700E+03	 1.62781E+03	 1.90493E+03	 1.84007E+03	 2.20245E+03	 1.91636E+03	 2.35139E+03	 1.92387E+03	 2.20968E+03	 2.11559E+03	 2.47705E+03	 1.90169E+03	 1.79481E+03	 2.02886E+03	 2.17203E+03	 2.52586E+03	 2.11348E+03	 1.50431E+03	 1.85237E+03	 1.73018E+03	 2.03270E+03	 2.43417E+03	 2.21194E+03
 1.71236E+03	 1.84171E+03	 1.66138E+03	 1.82864E+03	 2.13082E+03	 2.43180E+03	 1.73017E+03	 1.73189E+03	 1.87992E+03	 1.70551E+03	 1.26362E+03	 1.20061E+03	 1.45191E+03	 1.16554E+03	 1.52008E+03	 1.59799E+03	 1.32872E+03	 1.41437E+03	 1.18428E+03	 1.29670E+03	 1.32711E+03	 1.44110E+03	 1.51840E+03	 1.63861E+03	 1.21147E+03	 1.54776E+03	 1.40266E+03	 1.74590E+03	 1.83178E+03	 1.83690E+03	 1.83175E+03	 2.09436E+03	 1.98110E+03	 1.64097E+03	 1.63597E+03	 2.01729E+03	 2.00530E+03	 1.51363E+03	 1.87530E+03	 1.77846E+03	 1.76656E+03	 1.88958E+03	 2.02530E+03	 1.94743E+03	 1.89228E+03	 2.40455E+03	 2.43206E+03	 2.49860E+03	 1.75624E+03	 1.89702E+03	 1.86381E+03	 1.79839E+03	 1.54348E+03	 1.82557E+03	 2.28845E+03	 1.93498E+03	 1.86524E+03	 2.43410E+03	 1.90713E+03	 1.94219E+03	 2.03586E+03
 1.77767E+03	 1.54896E+03	 1.50973E+03	 2.10096E+03	 1.69655E+03	 1.12505E+03	 1.59367E+03	 1.55965E+03	 1.54178E+03	 1.58647E+03	 1.38935E+03	 1.45367E+03	 1.41341E+03	 1.80817E+03	 1.77767E+03	 1.63096E+03	 1.35634E+03	 1.46035E+03	 1.56333E+03	 1.75533E+03	 1.48803E+03	 1.70782E+03	 1.44752E+03	 1.69786E+03	 1.28207E+03	 1.81556E+03	 1.53239E+03	 1.67604E+03	 1.99403E+03	 1.61797E+03	 1.85527E+03	 2.00324E+03	 1.55867E+03	 1.61801E+03	 1.56900E+03	 1.86797E+03	 1.48284E+03	 1.49274E+03	 1.82620E+03	 1.55472E+03	 1.52289E+03	 1.66891E+03	 1.71563E+03	 1.80886E+03	 2.01825E+03	 1.59059E+03	 2.05571E+03	 1.57291E+03	 1.67589E+03	 1.28482E+03	 1.39957E+03	 1.83779E+03	 2.18318E+03	 1.71608E+03	 1.57529E+03	 2.06266E+03	 2.45595E+03	 1.86044E+03	 2.10104E+03	 1.33668E+03	 1.99044E+03
 1.63715E+03	 1.72183E+03	 1.52840E+03	 1.58128E+03	 1.61427E+03	 1.61973E+03	 1.43344E+03	 1.55735E+03	 1.38713E+03	 1.63473E+03	 1.49264E+03	 1.41356E+03	 1.53968E+03	 1.57263E+03	 1.61133E+03	 1.59953E+03	 1.86104E+03	 1.55572E+03	 1.41706E+03	 1.70314E+03	 1.58682E+03	 1.44930E+03	 1.58654E+03	 1.27215E+03	 1.61731E+03	 1.86906E+03	 1.88294E+03	 1.83477E+03	 2.02074E+03	 2.33531E+03	 2.07704E+03	 1.63437E+03	 1.77312E+03	 1.95284E+03	 1.81779E+03	 1.80441E+03	 1.78156E+03	 1.87426E+03	 2.07481E+03	 2.07776E+03	 2.04831E+03	 1.80334E+03	 1.71496E+03	 2.19259E+03	 1.88938E+03	 1.97622E+03	 1.63737E+03	 2.30559E+03	 1.96557E+03	 1.97232E+03	 1.90859E+03	 1.89975E+03	 1.97856E+03	 2.31944E+03	 2.24313E+03	 2.65446E+03	 2.26534E+03	 1.74886E+03	 1.68263E+03	 1.94053E+03	 1.69326E+03
 1.67155E+03	 1.66995E+03	 1.99243E+03	 1.75790E+03	 1.62533E+03	 1.63264E+03	 1.76610E+03	 1.76303E+03	 1.80992E+03	 1.88301E+03	 1.91667E+03	 1.69234E+03	 1.66391E+03	 1.55460E+03	 1.57290E+03	 1.99233E+03	 2.10220E+03	 1.80568E+03	 1.61773E+03	 2.01644E+03	 1.64171E+03	 1.51125E+03	 1.27648E+03	 1.77868E+03	 1.54773E+03	 1.42603E+03	 1.64035E+03	 1.42683E+03	 1.56197E+03	 1.49719E+03	 1.29948E+03	 1.73283E+03	 1.64938E+03	 1.47803E+03	 1.26971E+03	 1.14290E+03	 1.70610E+03	 1.86155E+03	 1.69030E+03	 1.86124E+03	 1.84457E+03	 1.93904E+03	 1.64591E+03	 1.81081E+03	 1.55741E+03	 1.43027E+03	 1.88087E+03	 2.07827E+03	 2.11848E+03	 1.90480E+03	 1.66637E+03	 2.40906E+03	 2.42218E+03	 2.31514E+03	 1.92467E+03	 1.99810E+03	 2.11717E+03	 1.88185E+03	 1.71801E+03	 1.70857E+03	 1.46231E+03
 1.64622E+03	 1.44344E+03	 1.66653E+03	 1.87533E+03	 1.75925E+03	 1.91804E+03	 2.34263E+03	 1.67423E+03	 1.90490E+03	 2.16845E+03	 2.34085E+03	 1.70881E+03	 1.84396E+03	 1.80760E+03	 1.67981E+03	 1.83124E+03	 1.84154E+03	 2.17546E+03	 1.78005E+03	 1.62444E+03	 1.69084E+03	 1.58698E+03	 1.73326E+03	 1.73718E+03	 2.05474E+03	 1.61638E+03	 1.49236E+03	 1.30970E+03	 1.46963E+03	 1.45070E+03	 1.78468E+03	 1.73842E+03	 1.62289E+03	 1.34187E+03	 1.35983E+03	 1.33299E+03	 1.37984E+03	 1.36442E+03	 1.53923E+03	 1.39187E+03	 1.76765E+03	 2.02102E+03	 1.66914E+03	 1.50387E+03	 1.44877E+03	 1.82423E+03	 1.49112E+03	 1.65835E+03	 1.55978E+03	 1.46579E+03	 1.29666E+03	 1.97110E+03	 1.74494E+03	 1.56374E+03	 1.77897E+03	 1.30962E+03	 1.82078E+03	 1.62120E+03	 1.66728E+03	 2.08388E+03	 1.61094E+03
 1.87025E+03	 1.68682E+03	 1.80536E+03	 1.87595E+03	 2.28327E+03	 1.98519E+03	 2.03856E+03	 1.80428E+03	 2.29459E+03	 2.11914E+03	 2.00652E+03	 2.14622E+03	 2.04910E+03	 1.93930E+03	 1.94145E+03	 1.82322E+03	 1.84098E+03	 1.70126E+03	 1.71915E+03	 2.02378E+03	 1.52867E+03	 1.64838E+03	 1.95406E+03	 1.56151E+03	 1.74896E+03	 1.97498E+03	 2.18265E+03	 1.98246E+03	 1.81919E+03	 1.56150E+03	 1.61393E+03	 1.68198E+03	 2.18146E+03	 2.05684E+03	 1.71426E+03	 1.95177E+03	 1.99891E+03	 1.90334E+03	 1.85205E+03	 1.95514E+03	 1.74340E+03	 1.63545E+03	 2.02207E+03	 1.78437E+03	 2.16761E+03	 2.10831E+03	 1.71150E+03	 1.50943E+03	 1.67752E+03	 1.59718E+03	 1.56539E+03	 1.39996E+03	 1.27283E+03	 1.35660E+03	 1.41079E+03	 1.64511E+03	 1.55430E+03	 1.74524E+03	 1.62841E+03	 1.49784E+03	 1.54131E+03
 2.09681E+03	 1.73713E+03	 1.78287E+03	 1.68047E+03	 1.96929E+03	 1.85400E+03	 1.73726E+03	 2.00145E+03	 2.15279E+03	 2.21473E+03	 2.31605E+03	 2.21996E+03	 2.35168E+03	 1.89731E+03	 2.01596E+03	 1.93560E+03	 1.96253E+03	 1.82891E+03	 2.25562E+03	 2.44265E+03	 2.31070E+03	 1.82557E+03	 1.63499E+03	 1.99985E+03	 2.55030E+03	 2.38546E+03	 1.98691E+03	 2.08434E+03	 2.06877E+03	 1.94177E+03	 1.85221E+03	 1.89247E+03	 1.72446E+03	 1.93251E+03	 2.30882E+03	 2.12993E+03	 2.13411E+03	 1.95483E+03	 2.13201E+03	 2.40750E+03	 1.70386E+03	 2.03263E+03	 2.23433E+03	 2.25001E+03	 1.89859E+03	 2.03249E+03	 2.41445E+03	 2.09570E+03	 1.70178E+03	 1.70152E+03	 1.44127E+03	 1.45251E+03	 1.47223E+03	 1.78136E+03	 1.52898E+03	 2.19914E+03	 2.13495E+03	 2.25544E+03	 2.23459E+03	 2.92286E+03	 2.54286E+03
 2.26033E+03	 1.60872E+03	 1.73528E+03	 1.66516E+03	 1.65650E+03	 1.87483E+03	 1.99536E+03	 2.27493E+03	 2.21932E+03	 2.02230E+03	 1.61765E+03	 1.74090E+03	 1.61287E+03	 1.43494E+03	 1.66319E+03	 1.63312E+03	 1.68133E+03	 1.69139E+03	 2.35039E+03	 1.90297E+03	 1.84235E+03	 1.58356E+03	 1.63930E+03	 1.91228E+03	 1.62138E+03	 1.56690E+03	 1.89991E+03	 1.88705E+03	 1.67597E+03	 1.47064E+03	 1.59066E+03	 1.68766E+03	 1.65333E+03	 1.66076E+03	 1.67854E+03	 1.91958E+03	 2.36304E+03	 2.22219E+03	 1.68724E+03	 1.77660E+03	 1.78608E+03	 1.66636E+03	 1.98830E+03	 1.81128E+03	 1.92365E+03	 1.97418E+03	 2.02770E+03	 1.90489E+03	 1.75698E+03	 1.56496E+03	 1.32651E+03	 1.43857E+03	 1.45545E+03	 1.31112E+03	 1.67589E+03	 1.86669E+03	 1.73641E+03	 2.10325E+03	 2.22425E+03	 1.94272E+03	 2.01761E+03
 2.36080E+03	 2.13606E+03	 1.71982E+03	 1.64507E+03	 1.74244E+03	 1.90034E+03	 1.74182E+03	 1.83946E+03	 2.03771E+03	 1.88906E+03	 1.60050E+03	 1.94084E+03	 2.17744E+03	 1.85383E+03	 1.67399E+03	 1.80757E+03	 1.97070E+03	 1.86969E+03	 1.62493E+03	 1.86689E+03	 1.81326E+03	 1.93018E+03	 1.89091E+03	 1.64830E+03	 2.01140E+03	 1.92453E+03	 2.24805E+03	 2.19089E+03	 1.89079E+03	 2.11414E+03	 1.82832E+03	 1.64554E+03	 1.70885E+03	 1.78951E+03	 1.66011E+03	 1.67928E+03	 1.68676E+03	 1.85067E+03	 1.96594E+03	 1.78149E+03	 1.84782E+03	 2.14509E+03	 2.23955E+03	 2.16128E+03	 1.97408E+03	 1.79431E+03	 1.71453E+03	 2.15452E+03	 1.93200E+03	 1.55658E+03	 1.59691E+03	 1.63346E+03	 1.69743E+03	 1.66444E+03	 1.63512E+03	 1.32945E+03	 1.81197E+03	 1.64744E+03	 1.47343E+03	 1.60538E+03	 1.81308E+03
 1.61449E+03	 1.70458E+03	 1.47547E+03	 1.24904E+03	 1.16795E+03	 1.40159E+03	 1.37257E+03	 1.43850E+03	 1.69774E+03	 1.56310E+03	 1.76655E+03	 1.75035E+03	 1.85963E+03	 1.38002E+03	 1.61817E+03	 1.70462E+03	 1.84392E+03	 1.55132E+03	 1.45309E+03	 1.64393E+03	 1.62846E+03	 1.62144E+03	 1.72716E+03	 1.91383E+03	 1.58092E+03	 1.70425E+03	 2.01923E+03	 1.93814E+03	 1.65197E+03	 1.71484E+03	 1.40098E+03	 1.64458E+03	 1.40656E+03	 1.35153E+03	 1.62850E+03	 1.51829E+03	 1.67898E+03	 1.57470E+03	 1.64260E+03	 1.46356E+03	 1.67154E+03	 1.85461E+03	 1.73053E+03	 1.79260E+03	 1.79305E+03	 1.48762E+03	 1.28718E+03	 1.40490E+03	 1.49758E+03	 1.79915E+03	 1.66661E+03	 1.59094E+03	 1.67346E+03	 1.70098E+03	 1.59399E+03	 1.71534E+03	 1.85340E+03	 1.81197E+03	 2.18754E+03	 2.07147E+03	 2.14524E+03
 1.74029E+03	 1.80243E+03	 2.10878E+03	 1.49138E+03	 1.68812E+03	 2.19487E+03	 2.41579E+03	 1.76159E+03	 2.12355E+03	 2.06435E+03	 2.08283E+03	 1.81276E+03	 1.82106E+03	 1.65441E+03	 1.66101E+03	 1.69165E+03	 1.96309E+03	 1.97605E+03	 1.80633E+03	 1.69498E+03	 1.73993E+03	 1.84382E+03	 1.99955E+03	 1.80152E+03	 1.46552E+03	 1.86943E+03	 2.08944E+03	 2.19494E+03	 2.23037E+03	 2.10044E+03	 1.81237E+03	 2.02716E+03	 1.91712E+03	 1.98767E+03	 1.59547E+03	 1.72310E+03	 1.61513E+03	 1.53353E+03	 1.25058E+03	 1.20086E+03	 1.65231E+03	 1.88425E+03	 1.81890E+03	 1.75868E+03	 1.98106E+03	 1.81267E+03	 1.75744E+03	 1.68401E+03	 1.89600E+03	 1.48952E+03	 1.84330E+03	 1.69249E+03	 1.37765E+03	 1.70291E+03	 1.76744E+03	 1.40898E+03	 1.44818E+03	 1.45228E+03	 1.85012E+03	 2.12023E+03	 2.36560E+03
 1.64542E+03	 1.75305E+03	 1.80312E+03	 1.86208E+03	 1.78872E+03	 1.85792E+03	 1.69500E+03	 2.02767E+03	 1.86258E+03	 1.75327E+03	 2.03981E+03	 1.78307E+03	 1.52260E+03	 1.97873E+03	 1.75178E+03	 1.89071E+03	 1.86196E+03	 1.89791E+03	 2.17012E+03	 2.10491E+03	 1.92344E+03	 1.53573E+03	 1.76905E+03	 1.75544E+03	 1.69957E+03	 1.75956E+03	 1.74467E+03	 2.13311E+03	 2.12003E+03	 1.78437E+03	 1.66790E+03	 1.40481E+03	 1.44360E+03	 1.60641E+03	 1.62989E+03	 1.38808E+03	 1.62907E+03	 2.04187E+03	 1.75611E+03	 1.60680E+03	 1.37309E+03	 1.57419E+03	 1.38804E+03	 1.61471E+03	 1.58292E+03	 1.93288E+03	 1.93188E+03	 1.57961E+03	 1.52650E+03	 1.91220E+03	 1.95751E+03	 1.65948E+03	 1.19594E+03	 1.75567E+03	 1.76358E+03	 1.51560E+03	 1.23184E+03	 1.19324E+03	 1.29673E+03	 1.76936E+03	 2.40189E+03
 2.11733E+03	 1.52920E+03	 1.42843E+03	 1.47562E+03	 1.88589E+03	 2.34256E+03	 1.93009E+03	 1.86719E+03	 2.08320E+03	 1.86314E+03	 2.27645E+03	 2.09013E+03	 1.84376E+03	 2.14780E+03	 2.01669E+03	 2.42438E+03	 2.07797E+03	 1.92561E+03	 2.15686E+03	 2.12189E+03	 1.81129E+03	 1.63728E+03	 1.44453E+03	 1.98649E+03	 1.74264E+03	 1.46968E+03	 1.58298E+03	 2.29187E+03	 1.85755E+03	 1.97700E+03	 1.78428E+03	 1.59698E+03	 1.20290E+03	 1.28492E+03	 1.53749E+03	 1.58356E+03	 1.58160E+03	 1.46403E+03	 1.68361E+03	 1.63847E+03	 1.40263E+03	 1.88520E+03	 1.69463E+03	 1.58444E+03	 1.25108E+03	 1.36861E+03	 1.97244E+03	 1.78968E+03	 1.51469E+03	 2.01269E+03	 2.09897E+03	 1.99269E+03	 1.78042E+03	 1.66143E+03	 1.52412E+03	 1.74221E+03	 1.96103E+03	 1.92068E+03	 1.96230E+03	 1.97099E+03	 1.92493E+03
 1.63293E+03	 1.48104E+03	 1.50830E+03	 1.97584E+03	 2.10250E+03	 2.40268E+03	 2.00193E+03	 2.44185E+03	 2.50594E+03	 2.22737E+03	 2.42365E+03	 2.46645E+03	 2.79462E+03	 2.07199E+03	 2.25844E+03	 2.48361E+03	 1.95584E+03	 2.23269E+03	 1.78109E+03	 1.77231E+03	 1.75719E+03	 2.09228E+03	 1.44177E+03	 1.60790E+03	 1.65911E+03	 1.46106E+03	 1.30845E+03	 1.36183E+03	 1.44339E+03	 1.42084E+03	 1.39410E+03	 1.72755E+03	 1.51100E+03	 1.54779E+03	 1.41983E+03	 2.86572E+03	 4.99982E+03	 1.74385E+03	 1.49372E+03	 1.47893E+03	 1.35188E+03	 1.70267E+03	 2.21720E+03	 1.66308E+03	 1.49686E+03	 1.80306E+03	 1.94626E+03	 1.93104E+03	 2.22732E+03	 2.00116E+03	 1.93007E+03	 1.73018E+03	 1.74005E+03	 1.60808E+03	 1.83911E+03	 1.39530E+03	 1.81261E+03	 1.73647E+03	 1.52516E+03	 1.59435E+03	 1.77522E+03
 2.29951E+03	 2.04369E+03	 1.87441E+03	 2.47985E+03	 2.41705E+03	 2.88138E+03	 2.68942E+03	 2.30556E+03	 2.38879E+03	 2.27093E+03	 2.39489E+03	 2.38497E+03	 2.30367E+03	 2.42431E+03	 2.83846E+03	 2.87260E+03	 2.17174E+03	 2.20569E+03	 2.07004E+03	 1.73310E+03	 1.88705E+03	 1.90042E+03	 1.85989E+03	 1.69151E+03	 1.73772E+03	 1.50419E+03	 1.39200E+03	 1.63518E+03	 1.95685E+03	 2.20617E+03	 1.72102E+03	 1.25834E+03	 1.57574E+03	 1.65928E+03	 1.70956E+03	 1.71805E+03	 1.44318E+03	 1.79706E+03	 1.40104E+03	 1.32662E+03	 1.67870E+03	 1.48718E+03	 1.28700E+03	 1.38503E+03	 1.40892E+03	 1.56624E+03	 1.62756E+03	 1.58936E+03	 1.56927E+03	 1.60914E+03	 1.63034E+03	 1.45367E+03	 1.07462E+03	 1.09349E+03	 1.07014E+03	 1.16540E+03	 1.25523E+03	 1.35848E+03	 1.43988E+03	 1.37740E+03	 1.52675E+03
 1.77607E+03	 1.74496E+03	 2.39341E+03	 2.93051E+03	 2.94688E+03	 2.51360E+03	 2.11354E+03	 1.89701E+03	 2.11240E+03	 2.33081E+03	 2.30544E+03	 2.54075E+03	 2.58879E+03	 2.36962E+03	 2.32481E+03	 2.36230E+03	 1.95852E+03	 2.50299E+03	 2.30895E+03	 2.03082E+03	 2.49780E+03	 2.05910E+03	 1.80510E+03	 1.91676E+03	 1.82371E+03	 1.83831E+03	 1.82922E+03	 1.92579E+03	 2.58834E+03	 2.24112E+03	 2.21646E+03	 2.51247E+03	 2.24281E+03	 1.74618E+03	 1.88790E+03	 1.73373E+03	 1.50978E+03	 2.00594E+03	 1.83735E+03	 1.74585E+03	 1.66539E+03	 1.49238E+03	 1.92041E+03	 1.59887E+03	 1.79932E+03	 1.69335E+03	 1.78368E+03	 1.68013E+03	 1.76232E+03	 1.82472E+03	 1.64856E+03	 1.75938E+03	 2.11723E+03	 1.37688E+03	 1.25446E+03	 1.39451E+03	 1.36416E+03	 1.45144E+03	 1.80804E+03	 1.63453E+03	 1.63120E+03
 1.77717E+03	 1.97047E+03	 2.15489E+03	 1.89909E+03	 1.99110E+03	 1.92520E+03	 1.73560E+03	 1.49139E+03	 1.83361E+03	 2.20518E+03	 2.52118E+03	 2.35957E+03	 2.21570E+03	 2.34104E+03	 2.59231E+03	 2.33862E+03	 2.25026E+03	 1.74232E+03	 2.02566E+03	 2.03400E+03	 2.08886E+03	 2.12877E+03	 2.19656E+03	 2.36024E+03	 1.96731E+03	 1.98693E+03	 1.81723E+03	 1.66177E+03	 2.07880E+03	 2.03428E+03	 1.65490E+03	 1.81871E+03	 2.12344E+03	 1.40790E+03	 1.86043E+03	 1.91605E+03	 1.32324E+03	 1.56245E+03	 1.95551E+03	 1.57197E+03	 1.51509E+03	 1.31527E+03	 1.36088E+03	 1.71548E+03	 1.90784E+03	 1.64013E+03	 2.15236E+03	 1.74791E+03	 1.67712E+03	 1.53477E+03	 1.79486E+03	 1.67085E+03	 1.86524E+03	 1.60199E+03	 1.38029E+03	 1.58249E+03	 2.02649E+03	 1.90615E+03	 2.20619E+03	 2.35285E+03	 1.87365E+03
 2.38633E+03	 2.30024E+03	 2.44405E+03	 1.86502E+03	 2.02193E+03	 2.33498E+03	 2.57155E+03	 2.55853E+03	 2.50673E+03	 2.30571E+03	 3.40948E+03	 2.69724E+03	 2.18294E+03	 2.62402E+03	 2.41580E+03	 2.28192E+03	 1.68211E+03	 2.27013E+03	 2.35195E+03	 2.13618E+03	 2.44248E+03	 2.80845E+03	 2.22936E+03	 1.87070E+03	 2.26985E+03	 2.29141E+03	 2.60124E+03	 2.76223E+03	 2.42280E+03	 1.92620E+03	 1.85554E+03	 2.12236E+03	 1.94818E+03	 1.91476E+03	 2.05730E+03	 1.96340E+03	 1.97635E+03	 1.51871E+03	 1.83771E+03	 2.24475E+03	 1.63898E+03	 1.58277E+03	 1.85212E+03	 1.88998E+03	 1.73781E+03	 1.66852E+03	 1.71565E+03	 1.76918E+03	 1.87074E+03	 1.81555E+03	 1.65515E+03	 2.03927E+03	 2.31548E+03	 1.97121E+03	 1.58629E+03	 1.46872E+03	 1.98380E+03	 2.11887E+03	 1.92405E+03	 1.84701E+03	 2.13007E+03
 2.67668E+03	 3.01184E+03	 2.10642E+03	 2.29806E+03	 2.11274E+03	 2.58008E+03	 3.18758E+03	 2.23342E+03	 1.94292E+03	 2.18195E+03	 1.50242E+03	 1.69590E+03	 1.69083E+03	 1.90185E+03	 1.64926E+03	 1.68161E+03	 1.80693E+03	 2.09090E+03	 2.43593E+03	 2.02585E+03	 2.10369E+03	 1.75033E+03	 1.72613E+03	 1.65016E+03	 1.61816E+03	 2.00608E+03	 1.82582E+03	 2.08573E+03	 2.56974E+03	 1.65585E+03	 1.77046E+03	 1.98030E+03	 1.84393E+03	 1.92120E+03	 1.73213E+03	 1.75388E+03	 2.00362E+03	 1.98240E+03	 2.28502E+03	 1.72184E+03	 1.96640E+03	 1.67353E+03	 1.83656E+03	 1.72643E+03	 2.14348E+03	 2.03457E+03	 1.43547E+03	 1.58155E+03	 1.70567E+03	 1.74049E+03	 2.10772E+03	 2.00599E+03	 2.26881E+03	 2.29869E+03	 1.88487E+03	 1.80690E+03	 1.64200E+03	 1.77173E+03	 1.80411E+03	 1.88269E+03	 2.59355E+03
 2.26000E+03	 2.83179E+03	 2.42214E+03	 2.52765E+03	 1.92871E+03	 1.85255E+03	 2.00044E+03	 2.15360E+03	 1.96644E+03	 2.02354E+03	 2.15508E+03	 1.98409E+03	 1.73231E+03	 1.73603E+03	 1.66179E+03	 2.06439E+03	 2.37470E+03	 2.29941E+03	 2.22557E+03	 1.91859E+03	 2.14373E+03	 1.99712E+03	 1.40021E+03	 1.86368E+03	 1.55886E+03	 1.35121E+03	 1.84581E+03	 2.39625E+03	 2.00331E+03	 1.85331E+03	 1.80003E+03	 1.56651E+03	 2.06394E+03	 1.41323E+03	 1.59739E+03	 1.90655E+03	 2.30942E+03	 2.26455E+03	 1.95064E+03	 1.78741E+03	 2.10503E+03	 2.05363E+03	 2.36742E+03	 2.07357E+03	 2.16946E+03	 1.64621E+03	 2.01803E+03	 2.13143E+03	 2.26078E+03	 2.00130E+03	 1.75649E+03	 1.75866E+03	 1.60321E+03	 1.82580E+03	 1.46933E+03	 1.62880E+03	 1.82781E+03	 2.19685E+03	 1.99937E+03	 2.00754E+03	 2.22793E+03
 2.41712E+03	 2.28038E+03	 1.91523E+03	 1.75749E+03	 2.11552E+03	 1.65316E+03	 2.00361E+03	 1.92587E+03	 2.08152E+03	 1.57116E+03	 1.55712E+03	 1.88933E+03	 1.79823E+03	 1.85852E+03	 1.62681E+03	 2.43874E+03	 2.49640E+03	 2.42283E+03	 1.79178E+03	 2.09538E+03	 2.28250E+03	 2.23410E+03	 1.70532E+03	 1.44609E+03	 1.80679E+03	 1.48698E+03	 2.41495E+03	 2.43548E+03	 2.24023E+03	 2.75675E+03	 2.16048E+03	 2.05949E+03	 2.07684E+03	 1.79599E+03	 1.61159E+03	 1.86902E+03	 2.01690E+03	 1.76304E+03	 1.87279E+03	 1.48125E+03	 1.82291E+03	 1.73761E+03	 1.56117E+03	 1.65090E+03	 1.32680E+03	 1.75299E+03	 1.49036E+03	 1.60748E+03	 1.58402E+03	 1.76373E+03	 1.42393E+03	 1.82988E+03	 2.01263E+03	 1.70715E+03	 2.06898E+03	 1.79460E+03	 1.87903E+03	 1.96077E+03	 2.14025E+03	 1.82949E+03	 1.66858E+03
